src/main/resources/dem1.txt
ncols         205
nrows         204
xllcorner     0
yllcorner     0
cellsize      2
NODATA_value  9999
[rows 0 to 37 of 204, columns 0 to 83 of 205]
9999 2441 2451 2462 2479 2494 2500 2519 2559 2594 2613 2653 2686 2696 2697 2690 2683 2688 2676 2665 2660 2662 2656 2649 2638 2625 2610 2592 2571 2552 2534 2514 2486 2449 2429 2412 2411 2421 2440 2463 2487 2512 2547 2574 2600 2622 2645 2668 2692 2711 2728 2744 2760 2775 2791 2810 2831 2851 2873 2898 2906 2915 2930 2952 2974 2993 3004 3008 3007 2998 2977 2971 2971 2970 2968 2966 2967 2970 2972 2974 2976 2978 2982 2985
9999 2490 2475 2485 2495 2518 2546 2572 2597 2614 2637 2669 2689 2690 2683 2654 2624 2615 2618 2623 2624 2630 2632 2627 2622 2610 2595 2578 2559 2539 2520 2502 2470 2430 2413 2408 2415 2432 2454 2476 2495 2522 2556 2588 2612 2633 2654 2677 2700 2717 2734 2751 2768 2785 2801 2821 2841 2862 2884 2901 2909 2918 2930 2949 2973 2994 3007 3010 3010 3002 2982 2968 2968 2966 2965 2964 2966 2967 2968 2967 2968 2970 2974 2981
9999 2486 2498 2512 2533 2560 2591 2612 2631 2649 2672 2693 2696 2692 2676 2646 2609 2595 2590 2587 2584 2598 2606 2603 2603 2592 2577 2562 2546 2527 2506 2472 2434 2407 2400 2403 2415 2435 2459 2481 2500 2531 2562 2594 2618 2640 2663 2685 2706 2723 2740 2757 2775 2792 2810 2831 2851 2871 2892 2904 2910 2918 2927 2943 2966 2988 3003 3009 3008 3000 2984 2966 2964 2962 2961 2961 2962 2961 2959 2958 2959 2963 2967 2980
9999 2509 2526 2543 2567 2598 2619 2639 2659 2679 2700 2700 2700 2696 2678 2645 2613 2594 2579 2558 2540 2539 2553 2559 2567 2566 2556 2543 2529 2514 2489 2440 2401 2394 2399 2413 2432 2451 2469 2486 2505 2536 2567 2598 2621 2644 2667 2690 2710 2728 2747 2764 2781 2798 2818 2838 2859 2878 2896 2905 2912 2917 2923 2934 2951 2972 2990 2999 2998 2991 2979 2965 2959 2958 2957 2956 2954 2950 2948 2947 2950 2954 2967 2977
9999 2565 2550 2568 2592 2620 2644 2664 2684 2700 2700 2699 2700 2700 2686 2656 2623 2597 2581 2549 2516 2500 2499 2509 2525 2533 2530 2524 2511 2492 2456 2408 2387 2382 2397 2416 2436 2455 2474 2492 2516 2545 2575 2603 2624 2646 2668 2690 2710 2729 2749 2768 2787 2806 2829 2850 2869 2885 2899 2904 2910 2912 2912 2918 2931 2949 2967 2974 2974 2970 2964 2958 2953 2952 2950 2947 2942 2938 2936 2937 2941 2948 2969 2972
9999 2566 2581 2591 2616 2642 2667 2688 2700 2702 2703 2702 2701 2700 2699 2674 2642 2612 2586 2552 2520 2502 2483 2469 2481 2496 2502 2502 2482 2452 2416 2388 2369 2374 2397 2417 2438 2459 2479 2499 2525 2553 2580 2606 2628 2649 2670 2692 2711 2730 2748 2767 2786 2808 2845 2865 2879 2886 2887 2901 2904 2905 2904 2904 2913 2928 2938 2942 2944 2945 2947 2948 2947 2945 2941 2935 2930 2925 2924 2927 2932 2951 2967 2966
9999 2569 2589 2613 2642 2668 2691 2705 2710 2712 2712 2710 2708 2705 2701 2682 2654 2624 2596 2569 2544 2517 2491 2451 2433 2443 2455 2456 2442 2416 2390 2369 2356 2374 2400 2421 2442 2462 2482 2503 2527 2551 2575 2600 2623 2647 2671 2694 2714 2733 2752 2770 2789 2812 2852 2871 2877 2870 2862 2873 2885 2896 2897 2900 2902 2910 2916 2923 2929 2935 2939 2941 2940 2938 2933 2923 2917 2914 2914 2919 2929 2952 2961 2957
9999 2583 2606 2636 2667 2696 2708 2716 2723 2726 2726 2724 2720 2715 2710 2694 2664 2635 2610 2586 2559 2532 2508 2476 2432 2411 2408 2412 2407 2390 2371 2348 2348 2377 2405 2426 2447 2468 2489 2508 2531 2554 2577 2599 2623 2646 2669 2693 2713 2733 2752 2771 2791 2815 2847 2863 2859 2841 2830 2827 2839 2859 2875 2888 2897 2900 2908 2916 2923 2929 2933 2934 2933 2930 2926 2920 2911 2903 2906 2911 2928 2947 2951 2946
9999 2598 2629 2659 2689 2707 2719 2730 2738 2743 2743 2741 2735 2730 2716 2700 2673 2648 2623 2597 2568 2544 2522 2499 2458 2428 2412 2399 2389 2371 2350 2336 2342 2374 2404 2427 2450 2472 2495 2515 2535 2556 2576 2597 2619 2643 2668 2693 2713 2732 2751 2770 2789 2810 2832 2835 2825 2810 2799 2797 2805 2827 2849 2870 2890 2901 2907 2912 2919 2924 2927 2927 2926 2923 2919 2914 2907 2901 2899 2905 2922 2936 2939 2931
9999 2611 2646 2678 2704 2717 2730 2744 2755 2761 2761 2758 2751 2740 2722 2705 2681 2654 2627 2603 2582 2560 2536 2513 2488 2459 2431 2405 2384 2362 2340 2327 2339 2373 2404 2427 2451 2475 2498 2517 2536 2555 2573 2592 2613 2637 2662 2689 2710 2728 2745 2762 2781 2800 2809 2806 2793 2783 2782 2787 2797 2813 2839 2866 2891 2902 2906 2912 2917 2921 2922 2922 2921 2917 2913 2908 2903 2895 2890 2898 2910 2919 2918 2910
9999 2623 2658 2693 2711 2725 2737 2757 2770 2777 2778 2774 2766 2749 2727 2706 2683 2658 2637 2617 2596 2571 2546 2524 2501 2473 2443 2412 2390 2363 2332 2320 2334 2371 2403 2427 2450 2473 2497 2516 2534 2552 2570 2586 2601 2626 2652 2678 2702 2718 2733 2749 2763 2772 2781 2769 2750 2746 2758 2777 2796 2816 2841 2866 2891 2902 2907 2911 2916 2919 2919 2918 2916 2912 2907 2903 2899 2892 2894 2898 2898 2897 2894 2889
9999 2621 2664 2702 2718 2732 2745 2758 2778 2791 2791 2787 2775 2753 2729 2708 2688 2667 2646 2623 2601 2577 2554 2531 2507 2479 2436 2398 2398 2370 2335 2316 2327 2368 2402 2427 2452 2477 2500 2518 2534 2549 2563 2577 2591 2610 2638 2664 2687 2704 2717 2729 2737 2735 2732 2720 2708 2717 2741 2770 2797 2820 2844 2868 2892 2902 2906 2911 2914 2916 2916 2915 2911 2908 2904 2900 2894 2890 2888 2887 2885 2882 2874 2865
9999 2626 2672 2707 2733 2744 2755 2767 2779 2793 2800 2792 2767 2748 2730 2712 2692 2671 2650 2628 2607 2584 2560 2535 2510 2475 2414 2375 2395 2382 2341 2312 2316 2354 2395 2422 2448 2475 2501 2515 2528 2541 2553 2565 2580 2598 2625 2649 2673 2688 2701 2704 2704 2698 2698 2695 2694 2704 2733 2768 2800 2823 2846 2868 2889 2901 2905 2909 2911 2912 2912 2910 2907 2904 2901 2894 2885 2879 2875 2873 2870 2866 2856 2845
9999 2636 2687 2717 2753 2767 2775 2781 2789 2800 2806 2793 2764 2743 2726 2708 2690 2669 2648 2627 2607 2585 2561 2536 2510 2485 2453 2431 2416 2395 2353 2312 2309 2351 2394 2421 2445 2468 2492 2507 2518 2529 2540 2551 2570 2591 2615 2639 2665 2686 2691 2684 2679 2680 2688 2692 2690 2700 2733 2768 2801 2823 2844 2863 2881 2899 2903 2906 2907 2907 2906 2905 2903 2900 2893 2885 2875 2867 2861 2857 2854 2849 2839 2827
9999 2659 2692 2727 2757 2771 2778 2783 2791 2804 2816 2796 2751 2720 2703 2696 2675 2659 2641 2622 2602 2580 2556 2533 2510 2488 2466 2444 2421 2398 2354 2313 2307 2350 2388 2406 2428 2449 2475 2500 2506 2516 2522 2541 2563 2589 2614 2645 2673 2686 2679 2662 2654 2659 2672 2687 2696 2706 2735 2768 2800 2820 2839 2858 2875 2890 2900 2902 2903 2903 2902 2900 2897 2890 2882 2874 2865 2855 2848 2842 2837 2831 2822 2810
9999 2674 2695 2723 2744 2753 2749 2751 2765 2792 2802 2768 2708 2691 2681 2670 2649 2642 2629 2612 2595 2575 2552 2528 2505 2484 2463 2443 2422 2399 2358 2316 2312 2348 2372 2393 2407 2427 2453 2474 2492 2499 2511 2534 2563 2593 2623 2658 2678 2680 2659 2636 2629 2635 2652 2674 2692 2715 2743 2771 2800 2818 2836 2853 2867 2879 2889 2895 2898 2899 2895 2887 2883 2878 2872 2864 2855 2845 2835 2828 2821 2815 2805 2791
9999 2685 2699 2706 2718 2717 2711 2716 2731 2767 2768 2720 2684 2658 2640 2628 2619 2616 2610 2602 2593 2576 2552 2527 2504 2484 2463 2443 2420 2395 2349 2313 2312 2331 2361 2389 2399 2413 2435 2459 2480 2496 2501 2531 2565 2599 2627 2658 2672 2665 2637 2613 2607 2613 2637 2666 2692 2719 2746 2773 2800 2816 2831 2845 2856 2866 2873 2878 2880 2881 2878 2871 2867 2863 2858 2851 2845 2836 2825 2815 2807 2799 2783 2768
9999 2695 2699 2699 2696 2688 2678 2679 2691 2705 2714 2696 2674 2644 2614 2599 2593 2589 2587 2590 2591 2581 2558 2532 2508 2488 2466 2442 2418 2388 2339 2303 2301 2322 2356 2387 2405 2418 2434 2452 2472 2491 2502 2535 2570 2603 2629 2654 2653 2640 2619 2599 2597 2605 2630 2658 2687 2713 2740 2767 2792 2809 2822 2834 2842 2850 2856 2860 2862 2864 2859 2853 2850 2848 2844 2839 2832 2826 2817 2806 2793 2775 2758 2741
9999 2702 2698 2690 2675 2659 2642 2638 2651 2673 2688 2694 2674 2640 2609 2589 2573 2564 2564 2574 2585 2585 2569 2544 2514 2489 2465 2440 2416 2379 2325 2298 2299 2324 2363 2401 2410 2424 2438 2453 2470 2487 2504 2537 2572 2603 2626 2633 2623 2609 2597 2586 2589 2604 2630 2656 2682 2707 2733 2757 2779 2799 2811 2820 2827 2834 2838 2841 2843 2846 2839 2835 2833 2831 2829 2826 2822 2816 2809 2800 2774 2753 2736 2716
9999 2696 2687 2671 2651 2631 2614 2601 2620 2646 2676 2692 2680 2647 2604 2575 2551 2538 2538 2551 2574 2583 2575 2553 2515 2490 2465 2440 2414 2370 2312 2287 2291 2320 2363 2400 2413 2427 2441 2455 2469 2484 2498 2531 2567 2600 2613 2609 2600 2577 2568 2564 2583 2604 2629 2653 2676 2699 2723 2743 2762 2782 2797 2805 2812 2816 2820 2823 2825 2828 2821 2819 2818 2817 2816 2815 2813 2809 2805 2794 2755 2732 2713 2693
9999 2681 2666 2648 2626 2607 2588 2588 2599 2626 2665 2687 2682 2644 2603 2564 2533 2513 2513 2528 2555 2574 2573 2549 2521 2496 2469 2442 2416 2345 2297 2274 2285 2311 2357 2402 2414 2426 2439 2453 2467 2482 2496 2521 2551 2585 2592 2575 2549 2528 2530 2544 2573 2599 2622 2644 2668 2688 2706 2724 2743 2761 2773 2785 2794 2798 2801 2805 2808 2811 2807 2806 2806 2806 2807 2808 2809 2808 2803 2794 2748 2709 2697 2675
9999 2667 2640 2618 2601 2576 2550 2550 2575 2607 2642 2675 2676 2643 2604 2564 2522 2499 2499 2510 2534 2556 2562 2552 2524 2497 2468 2441 2417 2353 2285 2264 2274 2305 2355 2400 2410 2421 2433 2446 2458 2471 2484 2502 2532 2558 2555 2533 2508 2497 2504 2528 2559 2588 2610 2632 2652 2671 2688 2705 2723 2736 2749 2760 2766 2765 2773 2779 2785 2792 2793 2798 2805 2812 2818 2819 2816 2810 2804 2795 2746 2699 2683 2660
9999 2629 2614 2593 2561 2531 2508 2510 2542 2590 2625 2659 2665 2640 2604 2560 2511 2499 2496 2491 2509 2529 2545 2541 2519 2495 2463 2432 2404 2348 2290 2255 2266 2303 2354 2400 2403 2412 2422 2433 2445 2457 2468 2485 2512 2526 2516 2497 2476 2487 2502 2528 2556 2580 2597 2615 2631 2653 2675 2691 2702 2713 2726 2735 2734 2728 2742 2748 2757 2768 2782 2797 2812 2823 2825 2823 2818 2810 2804 2796 2746 2697 2674 2650
9999 2599 2585 2560 2527 2494 2471 2480 2510 2565 2606 2635 2651 2635 2605 2560 2509 2495 2479 2463 2481 2511 2526 2521 2505 2485 2455 2424 2390 2338 2289 2249 2254 2294 2340 2387 2399 2403 2411 2420 2429 2436 2442 2466 2487 2491 2472 2451 2463 2497 2512 2535 2559 2582 2597 2601 2621 2645 2669 2688 2694 2698 2707 2715 2713 2713 2720 2733 2750 2769 2787 2802 2817 2827 2828 2825 2819 2811 2804 2797 2746 2699 2675 2651
9999 2558 2552 2527 2495 2454 2430 2451 2492 2539 2585 2613 2632 2625 2601 2555 2506 2480 2451 2428 2432 2488 2501 2500 2481 2462 2437 2409 2371 2324 2281 2241 2244 2287 2327 2358 2379 2392 2400 2403 2408 2412 2414 2436 2443 2425 2425 2444 2493 2513 2528 2548 2570 2590 2599 2605 2622 2646 2670 2688 2689 2691 2703 2714 2717 2720 2730 2754 2773 2790 2802 2811 2824 2831 2829 2824 2817 2809 2803 2790 2749 2708 2681 2656
9999 2505 2521 2497 2461 2418 2398 2425 2476 2524 2565 2599 2611 2612 2591 2545 2499 2470 2435 2405 2393 2398 2418 2436 2437 2432 2415 2388 2357 2320 2282 2237 2233 2275 2292 2309 2328 2336 2336 2354 2369 2382 2400 2411 2411 2416 2438 2489 2513 2530 2546 2563 2583 2599 2608 2623 2635 2655 2677 2692 2692 2697 2711 2728 2740 2745 2763 2781 2797 2806 2814 2826 2834 2836 2829 2821 2814 2807 2802 2782 2746 2709 2682 2658
9999 2509 2484 2454 2423 2400 2398 2405 2461 2512 2550 2578 2595 2603 2582 2542 2501 2473 2443 2414 2383 2357 2363 2378 2385 2389 2379 2358 2337 2308 2278 2238 2223 2247 2268 2284 2296 2305 2312 2332 2363 2392 2400 2417 2441 2460 2489 2517 2533 2548 2563 2580 2597 2614 2630 2644 2659 2673 2687 2698 2702 2717 2734 2751 2767 2779 2796 2803 2812 2822 2827 2839 2841 2838 2830 2817 2810 2804 2800 2774 2746 2713 2687 2662
9999 2463 2430 2402 2382 2369 2378 2397 2450 2504 2536 2561 2586 2596 2571 2530 2496 2471 2445 2419 2390 2342 2324 2330 2333 2320 2318 2315 2305 2290 2256 2223 2217 2236 2265 2286 2303 2328 2352 2385 2403 2412 2424 2437 2466 2496 2520 2551 2564 2568 2580 2595 2609 2628 2651 2665 2680 2693 2705 2716 2728 2744 2761 2779 2792 2802 2810 2820 2831 2840 2844 2846 2843 2834 2825 2814 2805 2800 2785 2764 2740 2715 2688 2664
9999 2397 2377 2357 2337 2318 2340 2405 2448 2493 2521 2550 2584 2592 2564 2525 2495 2471 2447 2424 2402 2360 2330 2319 2306 2294 2291 2295 2281 2251 2227 2211 2219 2250 2280 2302 2337 2377 2403 2416 2428 2440 2446 2460 2481 2508 2548 2573 2585 2589 2594 2601 2614 2637 2663 2685 2699 2712 2726 2741 2754 2770 2789 2802 2809 2814 2824 2833 2844 2852 2852 2844 2832 2821 2810 2803 2795 2780 2763 2748 2729 2706 2684 2661
9999 2360 2333 2313 2295 2285 2297 2413 2446 2478 2511 2549 2583 2585 2562 2524 2495 2473 2451 2430 2410 2384 2360 2334 2313 2296 2291 2280 2263 2230 2207 2210 2236 2276 2301 2338 2377 2405 2421 2436 2459 2469 2473 2478 2490 2517 2552 2568 2577 2588 2600 2600 2614 2638 2666 2692 2705 2724 2742 2760 2776 2794 2807 2814 2822 2829 2839 2847 2855 2858 2855 2846 2824 2810 2797 2776 2761 2749 2735 2726 2712 2695 2677 2656
9999 2302 2290 2267 2248 2268 2333 2411 2446 2480 2510 2546 2575 2578 2555 2518 2492 2472 2454 2435 2417 2399 2374 2350 2326 2300 2287 2263 2243 2216 2205 2220 2258 2295 2330 2366 2400 2420 2439 2455 2475 2484 2488 2491 2499 2516 2534 2531 2528 2547 2576 2596 2610 2627 2657 2687 2711 2732 2753 2774 2793 2810 2825 2829 2838 2846 2855 2861 2865 2862 2853 2841 2821 2803 2776 2742 2724 2714 2706 2699 2688 2675 2662 2646
9999 2246 2259 2229 2228 2271 2340 2410 2443 2474 2501 2528 2560 2567 2550 2518 2493 2475 2457 2439 2421 2403 2380 2355 2330 2306 2277 2244 2223 2209 2217 2244 2278 2311 2343 2378 2406 2429 2446 2458 2465 2478 2481 2485 2492 2504 2506 2499 2498 2516 2546 2578 2598 2616 2650 2686 2714 2737 2761 2784 2804 2826 2842 2848 2853 2861 2867 2871 2870 2861 2847 2832 2817 2800 2761 2720 2692 2675 2661 2658 2655 2648 2640 2628
9999 2212 2229 2217 2236 2280 2344 2409 2438 2464 2492 2517 2544 2553 2540 2512 2492 2473 2453 2433 2415 2399 2376 2354 2332 2310 2270 2223 2207 2209 2231 2263 2292 2320 2349 2377 2401 2417 2431 2437 2441 2452 2451 2454 2462 2474 2488 2488 2492 2499 2532 2570 2599 2621 2650 2684 2713 2738 2764 2789 2812 2837 2850 2859 2866 2871 2875 2876 2871 2858 2841 2824 2810 2792 2755 2717 2678 2637 2614 2616 2618 2618 2615 2609
9999 2214 2203 2213 2249 2290 2350 2406 2432 2458 2485 2507 2529 2535 2520 2502 2485 2466 2447 2428 2411 2400 2377 2353 2329 2305 2241 2197 2198 2210 2241 2270 2299 2325 2347 2368 2387 2401 2411 2415 2415 2417 2418 2420 2419 2422 2441 2470 2490 2501 2539 2579 2609 2634 2661 2688 2715 2741 2768 2794 2815 2833 2845 2853 2863 2871 2876 2876 2869 2855 2837 2819 2805 2781 2747 2714 2670 2620 2597 2593 2596 2587 2579 2576
9999 2200 2195 2200 2247 2295 2346 2400 2423 2449 2474 2495 2510 2515 2504 2490 2475 2459 2440 2421 2405 2394 2373 2350 2326 2302 2217 2188 2191 2213 2242 2271 2300 2319 2335 2351 2366 2377 2385 2390 2388 2387 2385 2386 2395 2398 2426 2462 2492 2519 2554 2595 2620 2644 2668 2694 2719 2743 2768 2791 2806 2817 2821 2830 2838 2852 2860 2863 2856 2842 2827 2812 2800 2777 2747 2716 2676 2615 2594 2589 2586 2563 2535 2522
9999 2189 2177 2209 2259 2309 2360 2404 2424 2446 2466 2482 2497 2496 2486 2472 2460 2447 2432 2415 2397 2378 2359 2339 2317 2283 2203 2177 2187 2213 2240 2268 2297 2307 2318 2329 2340 2350 2346 2346 2344 2338 2332 2351 2379 2402 2438 2477 2508 2538 2572 2605 2625 2647 2670 2693 2716 2740 2762 2781 2793 2797 2800 2807 2814 2821 2826 2832 2829 2821 2811 2802 2795 2789 2765 2730 2697 2644 2599 2593 2574 2542 2513 2500
9999 2162 2172 2224 2282 2327 2374 2404 2422 2439 2451 2467 2473 2470 2463 2452 2442 2431 2418 2404 2388 2370 2350 2330 2309 2262 2196 2166 2172 2201 2230 2261 2290 2300 2304 2309 2317 2322 2309 2307 2311 2313 2325 2357 2396 2430 2465 2501 2528 2556 2587 2611 2629 2648 2668 2689 2710 2731 2751 2766 2775 2777 2780 2787 2791 2794 2799 2803 2804 2801 2793 2781 2783 2790 2787 2762 2719 2678 2624 2593 2571 2540 2520 2505
9999 2142 2179 2240 2306 2340 2373 2401 2414 2424 2433 2444 2443 2441 2437 2429 2422 2413 2401 2391 2379 2363 2345 2325 2306 2250 2191 2157 2158 2189 2216 2246 2274 2297 2300 2299 2291 2290 2285 2298 2309 2334 2359 2393 2429 2466 2498 2518 2543 2571 2599 2616 2634 2651 2669 2687 2706 2722 2736 2748 2754 2756 2760 2765 2767 2768 2771 2774 2772 2765 2750 2738 2738 2758 2774 2770 2737 2700 2652 2604 2581 2560 2538 2519
