src/main/resources/dem1.txt
ncols         205
nrows         204
xllcorner     0
yllcorner     0
cellsize      2
NODATA_value  9999
[rows 76 to 113 of 204, columns 0 to 83 of 205]
9999 1995 1981 1963 1942 1919 1893 1893 1918 1953 1987 2009 2025 2040 2056 2074 2087 2090 2083 2063 2042 2022 1996 1930 1907 1953 2005 2034 2062 2088 2109 2130 2154 2177 2198 2200 2200 2199 2170 2126 2089 2099 2155 2204 2226 2250 2263 2261 2246 2223 2203 2170 2132 2096 2062 2029 1992 1961 2025 2084 2123 2153 2178 2194 2201 2201 2188 2165 2131 2092 2097 2146 2199 2200 2200 2200 2200 2200 2197 2154 2118 2108 2110 2109
9999 1993 1970 1948 1927 1907 1884 1877 1908 1942 1974 2002 2017 2032 2050 2070 2084 2087 2079 2058 2034 2014 1980 1902 1899 1939 1987 2017 2043 2067 2090 2115 2138 2161 2180 2193 2193 2177 2147 2110 2069 2093 2146 2200 2220 2243 2254 2252 2237 2217 2200 2170 2133 2097 2064 2031 1996 1945 2004 2062 2108 2133 2154 2169 2176 2174 2157 2133 2098 2072 2082 2129 2198 2200 2200 2200 2200 2200 2200 2161 2112 2100 2099 2096
9999 1989 1954 1929 1911 1901 1879 1863 1899 1930 1960 1989 2008 2025 2045 2066 2080 2083 2075 2054 2028 2006 1959 1899 1897 1921 1962 1998 2022 2047 2073 2100 2121 2142 2158 2169 2168 2149 2122 2085 2041 2083 2141 2200 2218 2237 2245 2240 2224 2206 2185 2158 2130 2098 2064 2029 1993 1942 1982 2036 2081 2109 2130 2143 2152 2148 2126 2104 2071 2046 2068 2118 2184 2200 2200 2200 2200 2200 2200 2171 2135 2100 2096 2083
9999 1984 1938 1909 1898 1899 1876 1848 1882 1916 1945 1972 1996 2014 2038 2060 2074 2077 2070 2047 2020 1998 1951 1904 1877 1902 1938 1971 2002 2027 2053 2079 2103 2119 2134 2144 2143 2125 2097 2036 2023 2070 2125 2190 2217 2230 2228 2221 2209 2193 2172 2148 2123 2094 2060 2024 1988 1935 1956 2014 2051 2083 2106 2117 2127 2121 2100 2072 2035 2029 2067 2114 2168 2200 2200 2200 2200 2200 2195 2170 2139 2107 2087 2067
9999 1986 1913 1900 1898 1900 1872 1836 1862 1903 1930 1954 1977 2000 2020 2043 2062 2069 2057 2037 2015 1992 1952 1911 1865 1881 1920 1951 1980 2006 2032 2057 2079 2097 2111 2119 2120 2105 2074 2026 2013 2054 2098 2168 2203 2211 2208 2200 2192 2178 2158 2137 2113 2086 2056 2024 1989 1929 1939 2001 2033 2062 2080 2093 2102 2098 2077 2042 2017 2027 2074 2121 2159 2188 2200 2200 2195 2197 2194 2173 2144 2113 2084 2051
9999 2000 1919 1897 1890 1895 1853 1826 1847 1889 1914 1938 1963 1986 2006 2024 2042 2055 2051 2031 2009 1982 1947 1910 1857 1859 1909 1939 1965 1987 2010 2033 2053 2070 2082 2094 2100 2084 2059 2025 2010 2038 2089 2139 2174 2185 2189 2182 2173 2161 2144 2123 2101 2075 2047 2018 1978 1921 1936 1984 2019 2040 2055 2067 2069 2066 2044 2020 2012 2038 2077 2115 2150 2182 2187 2175 2171 2183 2194 2183 2155 2120 2082 2044
9999 2000 1936 1889 1860 1844 1824 1820 1842 1879 1900 1922 1946 1970 1990 2008 2028 2042 2041 2022 2002 1971 1937 1903 1843 1845 1901 1927 1950 1970 1988 2009 2026 2037 2046 2060 2065 2060 2038 2012 1999 2021 2067 2113 2142 2161 2169 2163 2154 2143 2128 2109 2087 2062 2035 2008 1963 1916 1915 1956 1998 2018 2030 2036 2033 2027 2018 2001 2013 2044 2083 2120 2166 2193 2178 2148 2141 2162 2190 2190 2170 2122 2085 2042
9999 2000 1949 1894 1853 1833 1823 1822 1840 1868 1880 1906 1929 1953 1972 1997 2013 2027 2026 2011 1992 1964 1933 1902 1841 1824 1880 1913 1934 1952 1965 1984 1994 2001 2009 2017 2020 2019 2014 2004 2000 2000 2040 2095 2126 2143 2148 2144 2136 2125 2112 2094 2072 2049 2024 1996 1946 1909 1902 1915 1964 1989 2000 2003 1998 1992 1992 1999 2018 2057 2095 2133 2180 2195 2168 2122 2114 2137 2174 2186 2171 2132 2095 2053
9999 2000 1945 1897 1863 1833 1825 1827 1841 1854 1855 1889 1914 1934 1954 1978 2001 2011 2010 2001 1981 1956 1929 1901 1841 1811 1848 1897 1917 1928 1939 1956 1976 1993 1999 1995 2000 2002 2001 1997 2000 2000 2011 2069 2108 2121 2127 2126 2118 2107 2091 2072 2054 2034 2011 1983 1942 1905 1899 1898 1909 1943 1954 1951 1956 1968 1996 2020 2051 2084 2113 2159 2189 2183 2146 2104 2099 2112 2147 2174 2173 2141 2103 2065
9999 1994 1949 1906 1879 1851 1830 1833 1842 1839 1830 1862 1894 1911 1931 1953 1976 1990 1993 1981 1965 1944 1920 1891 1829 1806 1840 1879 1898 1902 1914 1933 1958 1980 1995 1999 2005 2009 2009 2000 1998 1996 1999 2038 2081 2102 2108 2108 2101 2083 2063 2043 2029 2013 1993 1964 1930 1902 1900 1900 1903 1913 1924 1943 1967 1996 2026 2057 2083 2109 2140 2177 2184 2155 2115 2098 2096 2098 2118 2152 2166 2147 2110 2075
9999 1996 1951 1906 1875 1861 1845 1836 1840 1824 1811 1830 1860 1883 1905 1924 1942 1954 1961 1956 1946 1929 1908 1878 1834 1809 1835 1862 1885 1897 1899 1920 1944 1969 1989 2004 2025 2027 2012 1995 1977 1970 1982 2014 2051 2074 2085 2082 2069 2053 2034 2014 2001 1987 1971 1944 1916 1899 1903 1905 1909 1921 1951 1984 2010 2038 2068 2096 2111 2134 2165 2178 2165 2124 2098 2092 2090 2094 2099 2127 2152 2146 2115 2084
9999 1990 1951 1912 1868 1834 1827 1836 1833 1816 1798 1804 1827 1852 1875 1893 1906 1918 1928 1928 1924 1911 1887 1852 1818 1805 1819 1849 1870 1888 1900 1919 1943 1969 1993 2012 2028 2025 2009 1982 1925 1921 1954 1990 2020 2037 2047 2047 2035 2020 2004 1987 1972 1959 1946 1923 1903 1899 1907 1921 1939 1960 1990 2020 2050 2080 2103 2116 2135 2155 2168 2165 2137 2104 2091 2082 2082 2087 2095 2107 2132 2137 2117 2090
9999 1985 1951 1917 1874 1822 1798 1813 1825 1820 1803 1794 1799 1823 1847 1869 1881 1891 1900 1900 1901 1886 1857 1821 1798 1798 1811 1834 1859 1882 1903 1925 1949 1973 1996 2011 2020 2018 2004 1956 1899 1896 1920 1957 1988 1999 2008 2011 2001 1988 1976 1962 1945 1930 1918 1902 1885 1894 1913 1939 1965 1990 2017 2049 2080 2104 2117 2133 2146 2156 2154 2137 2111 2085 2075 2068 2072 2079 2087 2096 2111 2122 2112 2093
9999 1985 1953 1915 1872 1813 1799 1801 1813 1819 1808 1791 1774 1801 1830 1849 1865 1877 1894 1898 1891 1861 1829 1798 1782 1786 1803 1828 1854 1880 1904 1926 1949 1971 1992 2003 2007 2006 1994 1949 1900 1868 1897 1934 1960 1975 1981 1981 1975 1961 1947 1933 1920 1904 1885 1869 1869 1897 1925 1954 1983 2011 2040 2070 2099 2111 2122 2133 2140 2139 2127 2109 2083 2059 2053 2054 2061 2069 2079 2088 2098 2107 2104 2092
9999 1981 1953 1915 1876 1827 1798 1784 1800 1807 1807 1800 1762 1786 1816 1836 1848 1863 1894 1898 1881 1842 1808 1784 1764 1773 1798 1823 1848 1873 1898 1921 1943 1964 1981 1991 1995 1997 1980 1949 1907 1855 1864 1911 1936 1952 1957 1955 1947 1936 1920 1904 1890 1867 1843 1845 1872 1907 1938 1965 1994 2021 2048 2074 2094 2105 2114 2120 2119 2112 2102 2076 2039 2028 2033 2040 2049 2059 2069 2078 2087 2091 2094 2083
9999 1978 1947 1916 1880 1838 1798 1769 1774 1800 1802 1798 1749 1767 1808 1819 1828 1857 1894 1898 1873 1832 1795 1769 1750 1762 1792 1817 1843 1868 1893 1915 1934 1950 1961 1969 1972 1974 1962 1937 1910 1857 1833 1886 1918 1930 1932 1928 1919 1908 1893 1866 1839 1824 1827 1856 1894 1918 1949 1980 2005 2029 2052 2070 2085 2095 2100 2103 2100 2087 2063 2030 2001 2002 2017 2027 2038 2049 2059 2068 2074 2076 2078 2081
9999 1979 1951 1918 1884 1844 1807 1771 1749 1769 1783 1777 1733 1744 1797 1799 1814 1855 1892 1895 1865 1820 1792 1759 1738 1746 1783 1812 1836 1860 1884 1904 1919 1930 1939 1945 1949 1949 1940 1921 1903 1862 1817 1852 1900 1907 1908 1902 1888 1868 1849 1823 1809 1817 1842 1885 1911 1934 1959 1992 2013 2030 2046 2061 2073 2079 2084 2086 2083 2068 2046 2006 1992 1997 2005 2018 2029 2039 2048 2056 2060 2066 2074 2088
9999 1981 1956 1921 1887 1854 1821 1785 1741 1732 1734 1728 1722 1729 1774 1796 1808 1841 1879 1891 1864 1832 1803 1769 1732 1730 1767 1802 1825 1849 1872 1889 1900 1909 1916 1920 1927 1927 1919 1907 1900 1859 1812 1824 1865 1876 1874 1863 1848 1821 1808 1808 1820 1853 1883 1905 1925 1947 1970 1996 2010 2023 2037 2050 2059 2063 2066 2068 2064 2052 2034 2011 1990 1991 1999 2009 2020 2029 2038 2044 2052 2060 2078 2096
9999 1982 1961 1921 1887 1856 1825 1794 1753 1723 1715 1707 1705 1718 1753 1790 1814 1848 1881 1891 1876 1842 1809 1776 1729 1718 1745 1791 1818 1840 1857 1871 1878 1886 1890 1894 1905 1909 1904 1901 1898 1863 1825 1811 1827 1839 1837 1823 1806 1799 1804 1833 1865 1894 1911 1928 1946 1962 1979 1996 2005 2016 2027 2036 2042 2046 2048 2049 2044 2035 2021 2006 1990 1971 1973 2000 2010 2020 2028 2035 2043 2057 2092 2107
9999 1972 1951 1914 1884 1858 1832 1807 1770 1729 1711 1705 1703 1720 1761 1797 1820 1844 1870 1889 1868 1841 1814 1785 1736 1711 1731 1782 1808 1825 1840 1850 1855 1859 1860 1858 1866 1877 1889 1899 1898 1868 1832 1805 1801 1803 1800 1793 1790 1796 1818 1861 1897 1915 1936 1960 1977 1986 1991 1998 1999 2007 2016 2022 2026 2029 2030 2031 2027 2019 2009 1999 1972 1922 1926 1968 2002 2011 2017 2024 2035 2068 2102 2111
9999 1960 1940 1906 1881 1857 1834 1810 1778 1746 1716 1708 1705 1728 1772 1804 1829 1859 1880 1884 1874 1846 1816 1788 1736 1705 1714 1753 1789 1808 1822 1828 1829 1832 1830 1824 1820 1839 1863 1892 1900 1876 1838 1805 1793 1787 1783 1778 1785 1803 1846 1887 1912 1937 1951 1976 1986 1990 1988 1984 1985 1997 2003 2006 2009 2012 2013 2013 2011 2005 2001 1993 1955 1899 1897 1930 1976 2001 2007 2015 2033 2067 2089 2101
9999 1950 1933 1905 1882 1858 1835 1811 1787 1757 1726 1706 1707 1730 1772 1804 1827 1856 1875 1880 1872 1845 1816 1791 1741 1701 1711 1747 1774 1791 1801 1804 1804 1804 1800 1800 1800 1812 1846 1887 1900 1886 1848 1811 1792 1778 1769 1770 1786 1811 1860 1902 1923 1948 1963 1972 1975 1970 1961 1956 1957 1968 1983 1996 1992 1993 1994 1994 1994 1988 1990 1970 1931 1895 1883 1908 1945 1972 1993 2005 2019 2038 2057 2071
9999 1934 1926 1903 1882 1860 1838 1816 1793 1763 1729 1704 1701 1718 1758 1799 1821 1849 1871 1876 1869 1847 1820 1800 1736 1695 1712 1738 1760 1774 1780 1778 1777 1781 1792 1799 1800 1805 1837 1877 1897 1892 1852 1821 1796 1778 1761 1764 1785 1812 1864 1904 1927 1944 1948 1948 1943 1937 1928 1921 1925 1935 1980 1994 1964 1970 1972 1975 1975 1970 1964 1955 1933 1900 1863 1887 1920 1945 1967 1983 1997 2010 2023 2035
9999 1915 1914 1898 1878 1857 1837 1816 1793 1765 1735 1707 1698 1703 1747 1799 1819 1843 1864 1871 1867 1848 1821 1800 1721 1699 1706 1726 1745 1755 1759 1753 1749 1753 1770 1792 1800 1824 1850 1879 1898 1887 1859 1830 1803 1779 1754 1753 1779 1810 1862 1900 1917 1926 1924 1916 1910 1905 1898 1893 1895 1921 1999 1965 1925 1947 1952 1957 1955 1951 1945 1936 1922 1894 1848 1858 1902 1928 1948 1965 1978 1990 1998 2006
9999 1900 1901 1893 1877 1856 1833 1812 1789 1762 1736 1708 1690 1695 1729 1780 1809 1831 1855 1865 1862 1845 1821 1801 1705 1693 1698 1714 1728 1735 1737 1728 1721 1721 1746 1780 1803 1828 1854 1881 1897 1891 1867 1834 1807 1783 1751 1742 1770 1806 1847 1879 1898 1901 1901 1890 1876 1864 1855 1864 1891 1947 1996 1917 1907 1925 1934 1939 1936 1933 1927 1920 1912 1886 1838 1837 1886 1915 1934 1949 1963 1972 1977 1981
9999 1892 1898 1890 1874 1854 1833 1811 1788 1759 1731 1704 1683 1685 1714 1764 1805 1825 1847 1858 1852 1835 1817 1797 1707 1686 1687 1703 1714 1718 1719 1711 1698 1699 1733 1781 1811 1835 1860 1886 1896 1889 1856 1835 1815 1794 1755 1734 1756 1796 1829 1854 1860 1857 1851 1837 1831 1819 1828 1860 1902 1976 1982 1903 1899 1906 1916 1922 1919 1916 1912 1907 1901 1876 1826 1826 1868 1904 1921 1937 1948 1954 1956 1954
9999 1888 1896 1888 1870 1850 1829 1810 1787 1760 1730 1702 1676 1674 1699 1750 1798 1815 1832 1849 1851 1838 1814 1788 1709 1681 1674 1691 1701 1704 1705 1701 1689 1699 1740 1788 1814 1839 1866 1886 1894 1881 1860 1840 1820 1801 1761 1728 1738 1782 1811 1822 1816 1809 1799 1799 1806 1818 1840 1883 1918 1986 1978 1907 1890 1895 1901 1904 1905 1903 1902 1901 1898 1859 1813 1813 1844 1889 1910 1924 1932 1936 1935 1930
9999 1887 1896 1887 1868 1847 1825 1806 1783 1757 1730 1703 1674 1662 1688 1748 1802 1808 1827 1843 1845 1835 1814 1790 1710 1678 1663 1672 1694 1700 1695 1680 1680 1699 1750 1800 1818 1843 1869 1888 1893 1889 1873 1848 1822 1802 1764 1725 1727 1761 1780 1788 1779 1774 1781 1798 1814 1848 1883 1909 1943 1985 1978 1920 1893 1895 1887 1868 1858 1894 1894 1884 1862 1832 1806 1817 1850 1879 1899 1909 1915 1916 1914 1906
9999 1881 1897 1887 1867 1845 1823 1804 1785 1758 1731 1704 1670 1652 1679 1792 1873 1801 1816 1830 1838 1828 1810 1780 1717 1681 1656 1655 1670 1672 1667 1660 1678 1710 1765 1807 1828 1851 1874 1889 1891 1886 1872 1848 1824 1803 1766 1725 1714 1722 1736 1746 1745 1758 1786 1812 1845 1876 1905 1930 1962 1989 1971 1929 1897 1879 1846 1814 1799 1807 1833 1842 1825 1806 1806 1824 1846 1865 1879 1889 1895 1894 1889 1894
9999 1877 1895 1886 1866 1844 1821 1800 1779 1755 1730 1705 1670 1645 1667 1716 1765 1789 1808 1821 1831 1820 1806 1775 1725 1686 1653 1639 1635 1638 1641 1652 1687 1727 1777 1811 1836 1862 1880 1890 1889 1881 1867 1848 1823 1803 1770 1727 1708 1707 1709 1717 1734 1769 1805 1835 1866 1898 1921 1947 1969 1985 1964 1929 1896 1875 1851 1828 1805 1793 1795 1798 1798 1797 1804 1817 1831 1845 1855 1862 1860 1853 1845 1864
9999 1872 1890 1883 1863 1840 1816 1794 1771 1747 1724 1701 1662 1637 1659 1697 1736 1773 1803 1814 1822 1817 1805 1776 1732 1691 1654 1631 1624 1626 1635 1659 1691 1730 1773 1808 1835 1864 1882 1889 1885 1870 1855 1838 1820 1803 1777 1739 1708 1703 1705 1713 1741 1789 1821 1851 1881 1907 1928 1953 1976 1979 1965 1931 1901 1878 1854 1830 1805 1788 1782 1783 1786 1794 1800 1806 1814 1823 1830 1834 1824 1811 1806 1831
9999 1866 1885 1878 1856 1830 1806 1785 1765 1744 1722 1700 1660 1631 1645 1689 1725 1762 1791 1803 1809 1810 1802 1777 1733 1693 1662 1630 1617 1622 1645 1676 1701 1733 1766 1802 1828 1858 1881 1884 1877 1859 1840 1825 1811 1798 1778 1749 1714 1699 1705 1716 1761 1803 1835 1868 1896 1915 1935 1957 1975 1973 1954 1927 1905 1882 1857 1832 1807 1787 1774 1772 1779 1794 1800 1801 1804 1806 1810 1808 1798 1798 1799 1832
9999 1859 1881 1872 1846 1817 1792 1771 1752 1736 1718 1697 1659 1625 1637 1679 1714 1744 1766 1785 1797 1801 1794 1767 1730 1694 1662 1628 1613 1619 1650 1683 1709 1738 1767 1798 1827 1861 1880 1881 1859 1843 1826 1813 1802 1791 1770 1749 1721 1701 1705 1725 1771 1812 1846 1880 1906 1924 1945 1965 1972 1966 1950 1927 1908 1888 1863 1838 1813 1792 1772 1765 1775 1796 1800 1800 1800 1800 1798 1790 1790 1797 1805 1832
9999 1851 1875 1869 1835 1803 1776 1744 1734 1718 1704 1682 1643 1620 1626 1664 1699 1725 1748 1768 1786 1800 1788 1763 1727 1694 1660 1622 1607 1618 1651 1686 1713 1741 1769 1798 1823 1855 1877 1873 1853 1822 1806 1801 1801 1788 1768 1743 1721 1702 1702 1729 1775 1813 1847 1881 1906 1925 1947 1963 1967 1962 1947 1926 1908 1889 1864 1839 1814 1791 1766 1756 1771 1796 1800 1800 1793 1789 1780 1782 1793 1802 1812 1826
9999 1840 1866 1864 1824 1797 1769 1726 1699 1699 1685 1663 1632 1615 1620 1652 1687 1713 1734 1756 1783 1796 1783 1757 1728 1695 1657 1617 1603 1616 1654 1690 1717 1745 1773 1797 1822 1851 1873 1867 1834 1810 1800 1799 1798 1783 1764 1742 1719 1701 1698 1718 1761 1805 1841 1877 1905 1923 1943 1957 1962 1959 1946 1926 1908 1888 1862 1837 1811 1786 1758 1747 1752 1770 1774 1774 1768 1770 1778 1792 1802 1811 1821 1828
9999 1813 1848 1864 1833 1801 1779 1738 1708 1694 1678 1655 1631 1612 1612 1633 1670 1700 1725 1757 1787 1794 1778 1752 1723 1693 1653 1611 1601 1625 1662 1695 1722 1752 1781 1798 1818 1850 1871 1869 1839 1808 1800 1800 1793 1777 1758 1738 1717 1699 1692 1698 1740 1794 1836 1879 1905 1920 1938 1952 1956 1953 1942 1924 1908 1888 1858 1830 1803 1777 1749 1738 1740 1746 1752 1758 1768 1783 1797 1805 1812 1822 1829 1829
9999 1791 1819 1851 1851 1825 1801 1775 1744 1714 1693 1670 1647 1620 1607 1615 1651 1692 1728 1767 1793 1795 1779 1750 1717 1684 1636 1601 1604 1637 1675 1705 1738 1770 1793 1800 1811 1843 1866 1869 1850 1825 1807 1798 1789 1774 1755 1736 1716 1698 1687 1692 1724 1790 1838 1882 1906 1920 1936 1947 1951 1948 1936 1920 1906 1887 1856 1825 1794 1760 1734 1735 1743 1756 1770 1782 1795 1802 1809 1819 1826 1829 1829 1824
9999 1776 1796 1821 1843 1843 1827 1806 1783 1753 1723 1697 1674 1640 1608 1606 1636 1682 1726 1773 1804 1797 1776 1740 1707 1667 1619 1599 1608 1643 1680 1718 1757 1786 1802 1800 1803 1829 1856 1866 1860 1844 1821 1801 1790 1776 1756 1739 1718 1697 1679 1684 1710 1779 1829 1871 1903 1916 1931 1942 1944 1941 1928 1913 1902 1876 1847 1819 1789 1747 1726 1740 1766 1787 1799 1803 1807 1814 1821 1828 1829 1827 1821 1811
