src/main/resources/dem1.txt
ncols         205
nrows         204
xllcorner     0
yllcorner     0
cellsize      2
NODATA_value  9999
[rows 152 to 189 of 204, columns 84 to 167 of 205]
1798 1744 1704 1715 1769 1812 1848 1878 1899 1920 1939 1933 1907 1881 1853 1826 1801 1766 1726 1697 1691 1699 1725 1753 1778 1800 1813 1826 1838 1848 1848 1833 1815 1797 1763 1721 1713 1751 1791 1812 1814 1801 1790 1777 1765 1755 1749 1744 1741 1740 1740 1737 1731 1732 1733 1730 1727 1726 1724 1722 1720 1718 1718 1720 1725 1730 1733 1735 1736 1738 1746 1762 1771 1775 1779 1781 1786 1796 1810 1831 1854 1876 1886 1878
1770 1714 1707 1751 1799 1832 1868 1902 1927 1953 1962 1943 1913 1887 1860 1834 1808 1772 1732 1699 1695 1707 1737 1765 1790 1807 1824 1842 1858 1863 1860 1844 1824 1806 1775 1728 1710 1737 1784 1811 1827 1819 1801 1789 1776 1765 1758 1753 1751 1750 1747 1739 1731 1738 1739 1735 1730 1728 1725 1723 1720 1719 1718 1721 1725 1730 1733 1735 1735 1737 1747 1754 1759 1762 1763 1764 1767 1777 1788 1798 1817 1833 1851 1851
1736 1705 1730 1788 1825 1858 1888 1915 1946 1971 1973 1952 1915 1887 1861 1834 1808 1773 1734 1702 1699 1716 1749 1780 1802 1816 1835 1854 1867 1870 1866 1852 1830 1809 1783 1736 1711 1728 1775 1806 1831 1836 1818 1799 1788 1777 1770 1765 1763 1759 1751 1739 1734 1746 1747 1743 1736 1731 1728 1725 1723 1720 1720 1722 1726 1730 1733 1734 1735 1737 1741 1744 1745 1745 1746 1749 1752 1759 1769 1780 1789 1797 1812 1820
1713 1713 1765 1811 1850 1887 1911 1932 1959 1979 1972 1949 1916 1889 1862 1835 1808 1777 1738 1703 1697 1719 1754 1790 1808 1824 1842 1859 1871 1875 1868 1854 1831 1809 1785 1739 1713 1725 1767 1802 1829 1845 1839 1818 1800 1788 1782 1776 1772 1764 1751 1739 1739 1755 1757 1752 1744 1736 1732 1729 1726 1723 1723 1725 1728 1731 1733 1734 1735 1735 1735 1735 1735 1735 1736 1739 1743 1748 1756 1769 1781 1789 1795 1796
1709 1740 1794 1833 1872 1908 1936 1957 1975 1981 1964 1936 1910 1886 1859 1832 1805 1773 1733 1702 1700 1722 1756 1788 1809 1827 1846 1864 1877 1879 1867 1849 1829 1810 1787 1744 1717 1722 1759 1796 1822 1848 1855 1844 1818 1798 1792 1786 1778 1765 1750 1740 1747 1764 1767 1761 1754 1744 1738 1734 1731 1728 1727 1729 1731 1733 1734 1734 1735 1734 1734 1734 1733 1732 1732 1734 1736 1740 1748 1761 1773 1783 1787 1787
1719 1767 1814 1854 1893 1930 1960 1983 1990 1984 1963 1935 1909 1881 1852 1825 1797 1765 1725 1701 1702 1723 1761 1793 1815 1835 1854 1872 1882 1881 1865 1845 1825 1807 1783 1746 1723 1717 1736 1780 1809 1839 1860 1861 1840 1817 1800 1793 1781 1764 1749 1743 1756 1773 1776 1771 1764 1754 1746 1740 1737 1734 1733 1733 1734 1733 1730 1733 1736 1735 1735 1734 1734 1733 1732 1732 1733 1735 1743 1755 1765 1774 1778 1778
1739 1787 1833 1876 1916 1958 1988 2004 2004 1993 1966 1940 1911 1879 1845 1811 1786 1753 1717 1701 1706 1736 1773 1802 1825 1846 1865 1880 1888 1881 1864 1843 1824 1807 1783 1760 1742 1725 1725 1760 1800 1826 1857 1870 1865 1847 1822 1800 1780 1763 1750 1748 1766 1782 1785 1780 1774 1765 1755 1748 1744 1741 1738 1734 1729 1726 1727 1737 1740 1738 1737 1736 1735 1734 1733 1732 1732 1733 1739 1749 1759 1763 1767 1768
1783 1802 1857 1906 1946 1987 2011 2024 2020 2000 1968 1933 1900 1866 1830 1797 1769 1735 1709 1701 1711 1745 1782 1811 1838 1862 1878 1891 1895 1883 1865 1846 1827 1808 1792 1787 1788 1748 1725 1740 1785 1814 1846 1870 1877 1870 1846 1817 1795 1766 1753 1755 1777 1791 1792 1789 1784 1775 1766 1758 1753 1748 1741 1735 1730 1729 1732 1745 1746 1744 1741 1739 1737 1736 1735 1734 1733 1733 1737 1744 1749 1754 1756 1760
1828 1839 1868 1922 1974 2008 2033 2043 2027 2004 1970 1930 1893 1862 1830 1799 1770 1733 1706 1701 1718 1754 1788 1817 1849 1877 1898 1900 1900 1886 1869 1845 1820 1802 1799 1800 1800 1776 1733 1732 1769 1801 1827 1858 1880 1882 1866 1835 1806 1780 1757 1766 1788 1801 1799 1798 1793 1789 1784 1777 1771 1766 1757 1748 1741 1738 1742 1756 1755 1751 1748 1744 1742 1739 1737 1736 1734 1734 1736 1741 1742 1746 1748 1753
1884 1885 1907 1948 2000 2028 2055 2057 2036 2005 1968 1925 1889 1859 1829 1799 1768 1729 1704 1704 1728 1767 1798 1832 1865 1895 1900 1900 1900 1892 1872 1848 1825 1804 1793 1799 1800 1788 1746 1731 1748 1785 1811 1844 1875 1887 1877 1841 1807 1778 1765 1789 1805 1814 1816 1816 1812 1808 1803 1797 1794 1787 1776 1766 1758 1752 1756 1767 1764 1759 1755 1751 1747 1743 1740 1738 1737 1736 1736 1737 1738 1740 1742 1748
1941 1943 1951 1979 2010 2046 2070 2067 2034 2001 1961 1920 1885 1857 1829 1800 1768 1728 1705 1705 1732 1772 1805 1843 1879 1901 1904 1906 1906 1903 1884 1862 1831 1805 1797 1792 1799 1796 1762 1736 1748 1777 1801 1829 1864 1888 1889 1859 1815 1785 1772 1798 1816 1828 1835 1840 1836 1831 1822 1818 1810 1802 1794 1787 1780 1770 1771 1777 1772 1768 1763 1757 1752 1746 1742 1743 1741 1740 1737 1737 1738 1738 1740 1744
1997 2000 1994 1998 2016 2057 2082 2073 2037 2001 1962 1922 1886 1857 1828 1799 1764 1721 1704 1711 1744 1782 1816 1855 1892 1910 1921 1926 1925 1915 1895 1868 1829 1805 1801 1800 1796 1800 1770 1741 1740 1765 1788 1804 1838 1882 1894 1874 1830 1797 1777 1795 1813 1832 1847 1857 1858 1855 1847 1834 1821 1811 1806 1803 1800 1789 1785 1785 1780 1775 1769 1760 1749 1745 1748 1749 1747 1746 1740 1739 1738 1738 1739 1741
2001 1998 2000 1997 2019 2066 2089 2078 2037 1999 1961 1923 1887 1855 1824 1793 1757 1717 1705 1719 1758 1794 1832 1874 1910 1938 1952 1956 1947 1926 1900 1868 1823 1808 1806 1807 1805 1796 1769 1745 1742 1756 1780 1797 1825 1873 1896 1886 1850 1811 1789 1791 1806 1826 1848 1865 1869 1866 1857 1843 1830 1821 1816 1813 1809 1803 1797 1792 1786 1777 1763 1752 1748 1752 1758 1757 1755 1749 1745 1743 1742 1739 1738 1739
2009 2012 2016 2020 2043 2084 2096 2074 2029 1992 1954 1916 1880 1846 1813 1782 1744 1711 1707 1730 1772 1806 1848 1889 1931 1969 1984 1981 1963 1937 1905 1860 1826 1815 1814 1820 1822 1802 1778 1751 1746 1758 1782 1799 1825 1872 1899 1891 1860 1825 1801 1793 1800 1817 1844 1868 1875 1873 1864 1851 1837 1830 1826 1822 1816 1809 1801 1798 1785 1769 1757 1753 1755 1764 1768 1767 1764 1757 1753 1750 1748 1744 1740 1738
2026 2029 2034 2050 2072 2097 2097 2065 2022 1986 1950 1913 1875 1837 1801 1770 1732 1708 1711 1738 1778 1813 1856 1899 1952 1999 2006 1993 1980 1950 1906 1864 1838 1838 1853 1860 1844 1805 1781 1758 1750 1768 1791 1816 1845 1874 1896 1888 1861 1838 1818 1800 1798 1807 1834 1864 1879 1878 1870 1857 1845 1839 1835 1830 1822 1814 1805 1799 1789 1768 1761 1760 1769 1777 1779 1777 1774 1767 1763 1760 1756 1750 1745 1742
2043 2048 2054 2075 2093 2101 2097 2064 2024 1987 1951 1913 1871 1827 1791 1758 1722 1709 1717 1754 1790 1824 1865 1910 1974 2009 2023 2016 2000 1959 1905 1870 1855 1876 1895 1890 1857 1807 1778 1755 1759 1784 1808 1846 1878 1886 1897 1888 1872 1855 1837 1813 1804 1809 1828 1858 1880 1882 1875 1863 1853 1848 1845 1837 1829 1819 1809 1800 1794 1777 1769 1773 1783 1789 1788 1785 1781 1777 1773 1771 1766 1759 1752 1748
2061 2067 2073 2094 2105 2108 2098 2060 2020 1983 1944 1906 1862 1816 1782 1746 1717 1710 1728 1765 1798 1835 1873 1919 1983 2012 2037 2034 2009 1965 1899 1883 1889 1904 1914 1906 1870 1811 1779 1759 1767 1793 1831 1876 1902 1907 1904 1897 1889 1876 1859 1833 1822 1821 1830 1854 1878 1885 1879 1869 1862 1858 1852 1844 1835 1824 1813 1803 1793 1780 1784 1795 1800 1799 1796 1793 1790 1787 1783 1781 1776 1768 1761 1756
2078 2085 2091 2101 2115 2110 2090 2054 2014 1975 1938 1900 1855 1808 1775 1738 1714 1714 1735 1772 1801 1838 1874 1916 1973 2016 2049 2043 2007 1952 1900 1899 1913 1929 1937 1923 1887 1815 1781 1763 1773 1798 1845 1894 1915 1924 1923 1918 1909 1898 1882 1862 1847 1843 1845 1856 1877 1887 1884 1876 1871 1867 1859 1852 1842 1830 1818 1806 1794 1788 1797 1800 1800 1800 1800 1800 1798 1795 1792 1790 1785 1778 1772 1767
2093 2101 2109 2126 2124 2104 2077 2043 2007 1967 1926 1886 1844 1801 1768 1734 1713 1722 1749 1778 1800 1835 1872 1912 1969 2020 2064 2032 1993 1942 1910 1925 1944 1961 1958 1931 1900 1819 1783 1767 1780 1806 1852 1900 1922 1939 1946 1941 1928 1916 1904 1887 1873 1868 1867 1870 1880 1890 1889 1884 1880 1876 1868 1860 1849 1837 1823 1810 1797 1795 1800 1800 1800 1801 1806 1807 1806 1803 1800 1798 1794 1789 1785 1780
2112 2132 2138 2134 2113 2091 2063 2032 2001 1959 1917 1873 1829 1790 1749 1723 1721 1738 1768 1795 1825 1854 1885 1918 1961 2014 2073 2017 1988 1959 1938 1953 1972 1977 1964 1928 1900 1820 1784 1772 1790 1821 1864 1903 1923 1944 1959 1958 1949 1935 1917 1901 1891 1888 1887 1888 1890 1896 1896 1892 1890 1884 1878 1868 1859 1846 1833 1812 1799 1799 1795 1795 1801 1808 1815 1816 1815 1812 1809 1808 1804 1801 1797 1793
2147 2148 2135 2117 2100 2076 2049 2020 1985 1943 1905 1862 1814 1772 1732 1718 1741 1768 1793 1822 1858 1888 1908 1938 1969 2012 2081 2006 1995 1981 1971 1980 1985 1979 1952 1917 1879 1822 1788 1777 1794 1829 1873 1906 1927 1950 1967 1971 1965 1950 1928 1908 1897 1897 1897 1900 1903 1907 1905 1903 1899 1894 1889 1880 1870 1858 1840 1822 1805 1802 1800 1803 1810 1819 1825 1826 1825 1821 1819 1817 1813 1810 1806 1804
2149 2129 2107 2088 2073 2058 2036 2009 1969 1924 1881 1839 1796 1753 1722 1728 1759 1791 1821 1856 1890 1920 1942 1970 2002 2062 2089 2026 1999 1998 1996 1993 1988 1966 1937 1912 1877 1829 1793 1782 1797 1836 1880 1910 1931 1956 1975 1980 1974 1956 1932 1910 1893 1891 1899 1908 1915 1923 1925 1922 1916 1909 1903 1895 1884 1869 1850 1826 1810 1809 1810 1813 1821 1831 1835 1836 1834 1831 1829 1826 1823 1819 1816 1813
2110 2094 2062 2044 2038 2034 2018 1992 1951 1909 1862 1814 1775 1733 1724 1754 1789 1817 1849 1883 1918 1945 1972 1999 2025 2074 2094 2040 2019 2025 2018 2003 1988 1967 1942 1916 1877 1819 1792 1787 1800 1844 1887 1913 1936 1962 1980 1986 1983 1964 1936 1912 1897 1898 1908 1920 1930 1939 1945 1942 1936 1928 1918 1907 1897 1878 1853 1826 1811 1817 1822 1826 1835 1843 1846 1846 1843 1840 1839 1835 1832 1828 1825 1823
2089 2049 2009 2000 1999 2004 1995 1962 1923 1881 1836 1792 1751 1726 1738 1781 1815 1845 1874 1903 1937 1970 1998 2020 2044 2078 2092 2059 2051 2049 2038 2020 1998 1974 1946 1918 1881 1828 1796 1793 1807 1851 1895 1917 1941 1965 1982 1990 1987 1969 1943 1922 1903 1906 1923 1934 1947 1957 1963 1962 1955 1945 1931 1913 1900 1878 1846 1817 1810 1823 1836 1841 1849 1855 1856 1856 1853 1850 1848 1845 1841 1838 1835 1833
2080 2038 2000 1999 1993 1969 1942 1913 1884 1848 1802 1770 1735 1730 1763 1800 1836 1871 1901 1929 1960 1993 2019 2043 2064 2086 2094 2083 2079 2073 2057 2034 2008 1979 1949 1919 1884 1835 1799 1798 1814 1857 1900 1919 1940 1962 1980 1990 1990 1975 1955 1937 1925 1926 1940 1949 1961 1972 1977 1976 1969 1956 1935 1914 1898 1866 1832 1811 1811 1829 1846 1857 1863 1867 1867 1865 1862 1859 1857 1854 1851 1847 1845 1843
2078 2046 2006 1994 1966 1932 1903 1871 1843 1808 1781 1745 1732 1749 1786 1820 1855 1891 1926 1958 1987 2013 2039 2065 2086 2103 2112 2113 2103 2092 2070 2042 2014 1984 1949 1915 1878 1838 1803 1800 1824 1868 1904 1923 1941 1959 1977 1989 1994 1984 1972 1958 1954 1953 1961 1965 1973 1982 1987 1984 1976 1958 1933 1910 1887 1856 1821 1810 1814 1836 1860 1872 1876 1877 1877 1875 1871 1869 1867 1864 1860 1856 1855 1852
2067 2040 2012 1980 1941 1905 1870 1834 1804 1785 1755 1736 1744 1778 1808 1840 1875 1911 1949 1984 2012 2034 2058 2084 2115 2158 2180 2183 2154 2104 2078 2049 2020 1989 1952 1915 1880 1841 1811 1807 1835 1877 1908 1927 1946 1965 1980 1992 2000 1996 1990 1984 1983 1982 1982 1981 1985 1990 1992 1989 1978 1956 1929 1906 1877 1842 1819 1819 1826 1848 1874 1886 1888 1887 1886 1884 1880 1879 1876 1873 1869 1866 1865 1861
2051 2027 2002 1970 1931 1893 1849 1810 1783 1761 1741 1740 1766 1798 1831 1862 1895 1935 1974 2006 2029 2052 2076 2102 2143 2182 2200 2200 2169 2109 2076 2045 2014 1983 1950 1918 1883 1841 1809 1808 1841 1883 1911 1933 1953 1972 1989 2003 2014 2018 2014 2010 2011 2009 2002 1996 1995 1995 1994 1990 1974 1949 1923 1901 1867 1832 1821 1837 1861 1876 1891 1900 1899 1897 1896 1893 1890 1888 1886 1882 1878 1876 1874 1870
2035 2011 1985 1957 1925 1886 1841 1799 1773 1748 1742 1758 1788 1816 1849 1881 1918 1962 2001 2021 2043 2067 2090 2119 2154 2187 2200 2196 2150 2100 2071 2042 2014 1984 1954 1923 1891 1845 1804 1806 1838 1882 1911 1935 1958 1979 1999 2016 2031 2040 2041 2038 2039 2039 2031 2020 2010 1999 1996 1992 1971 1943 1917 1890 1852 1830 1840 1867 1890 1903 1910 1918 1918 1914 1911 1906 1899 1898 1895 1891 1888 1886 1883 1880
2019 1998 1972 1943 1915 1880 1841 1801 1773 1747 1751 1778 1803 1835 1867 1899 1944 1988 2014 2035 2057 2079 2102 2127 2161 2189 2195 2179 2135 2095 2068 2041 2014 1985 1951 1917 1883 1837 1805 1807 1844 1888 1916 1940 1963 1986 2007 2026 2044 2058 2067 2068 2068 2069 2061 2049 2037 2021 2005 1994 1972 1942 1910 1876 1841 1840 1865 1893 1912 1924 1930 1937 1938 1934 1931 1925 1920 1917 1909 1901 1897 1896 1892 1889
2004 1984 1960 1931 1903 1866 1826 1793 1766 1750 1759 1788 1816 1849 1881 1920 1966 2005 2024 2044 2065 2088 2112 2142 2171 2189 2185 2161 2125 2091 2065 2039 2013 1984 1952 1918 1885 1839 1807 1811 1853 1895 1921 1946 1971 1994 2015 2035 2055 2073 2086 2093 2096 2098 2089 2076 2063 2046 2027 2004 1977 1942 1905 1864 1846 1868 1897 1919 1935 1946 1951 1956 1957 1954 1950 1945 1941 1937 1930 1922 1917 1912 1904 1898
1989 1968 1947 1925 1897 1858 1818 1788 1761 1753 1771 1797 1828 1861 1893 1935 1982 2011 2031 2052 2072 2092 2116 2150 2179 2188 2176 2142 2112 2085 2059 2033 2008 1978 1946 1914 1881 1838 1808 1815 1855 1896 1924 1951 1977 2002 2022 2043 2063 2082 2101 2109 2119 2124 2114 2103 2087 2066 2043 2018 1988 1942 1899 1862 1861 1893 1927 1949 1962 1969 1973 1977 1977 1974 1970 1965 1962 1957 1952 1944 1939 1934 1926 1918
1975 1955 1933 1912 1882 1844 1805 1783 1760 1760 1782 1806 1838 1871 1906 1949 1993 2012 2032 2054 2076 2097 2121 2152 2174 2178 2161 2129 2101 2074 2049 2023 1997 1969 1940 1910 1878 1834 1811 1820 1859 1897 1926 1953 1980 2005 2026 2047 2068 2089 2110 2129 2146 2153 2142 2125 2103 2080 2055 2029 2004 1949 1896 1865 1882 1919 1962 1987 1994 1995 1996 1998 1997 1993 1990 1986 1982 1978 1974 1966 1961 1956 1948 1938
1961 1941 1920 1898 1860 1822 1794 1773 1761 1769 1792 1816 1845 1874 1905 1946 1984 2008 2029 2051 2073 2095 2116 2140 2159 2164 2150 2122 2097 2070 2041 2014 1989 1963 1937 1910 1879 1835 1814 1827 1868 1903 1932 1962 1989 2010 2029 2049 2070 2091 2116 2149 2172 2180 2171 2144 2112 2086 2061 2035 2009 1958 1897 1875 1897 1947 1991 2007 2017 2022 2023 2024 2022 2017 2012 2007 2003 2000 1996 1987 1983 1977 1968 1958
1947 1929 1908 1877 1838 1800 1784 1768 1765 1780 1799 1820 1844 1871 1895 1929 1964 2003 2023 2044 2064 2084 2103 2121 2141 2148 2134 2108 2085 2059 2033 2005 1980 1955 1930 1905 1874 1833 1819 1835 1876 1908 1938 1968 1997 2016 2035 2053 2072 2091 2117 2155 2189 2199 2188 2151 2114 2086 2062 2039 2014 1971 1898 1885 1902 1966 2008 2024 2038 2048 2052 2051 2048 2043 2035 2029 2024 2020 2015 2007 2004 1998 1987 1974
1933 1916 1894 1855 1817 1793 1776 1769 1775 1792 1801 1810 1826 1849 1874 1901 1938 1986 2011 2030 2050 2069 2087 2101 2114 2120 2109 2091 2069 2045 2020 1994 1969 1945 1921 1896 1865 1832 1823 1844 1883 1913 1943 1972 2001 2019 2037 2055 2073 2091 2116 2149 2182 2200 2189 2153 2116 2087 2064 2040 2017 1979 1906 1896 1927 1988 2019 2041 2060 2073 2079 2077 2075 2068 2057 2051 2045 2039 2032 2025 2021 2013 2001 1985
1918 1903 1870 1834 1798 1786 1775 1777 1790 1804 1811 1810 1809 1818 1848 1877 1912 1955 1992 2014 2034 2052 2069 2081 2091 2094 2089 2071 2050 2027 2004 1980 1954 1928 1905 1887 1858 1831 1830 1854 1889 1918 1948 1978 2004 2022 2039 2056 2074 2091 2115 2148 2178 2201 2192 2158 2118 2088 2064 2040 2017 1982 1916 1901 1945 1997 2026 2054 2076 2093 2100 2100 2100 2090 2079 2073 2064 2057 2051 2045 2036 2023 2009 1993
1900 1878 1844 1808 1793 1782 1779 1790 1803 1821 1833 1830 1818 1816 1826 1852 1890 1920 1956 1998 2017 2035 2050 2064 2077 2084 2072 2052 2031 2010 1989 1964 1935 1910 1893 1875 1851 1834 1838 1865 1895 1922 1950 1978 2004 2021 2039 2056 2073 2090 2112 2140 2173 2196 2188 2155 2118 2088 2065 2041 2018 1987 1926 1903 1965 2007 2033 2062 2088 2103 2107 2108 2105 2102 2100 2093 2083 2075 2069 2060 2047 2031 2015 2000
