src/main/resources/dem1.txt
ncols         205
nrows         204
xllcorner     0
yllcorner     0
cellsize      2
NODATA_value  9999
[rows 38 to 75 of 204, columns 84 to 167 of 205]
2516 2499 2461 2424 2395 2381 2361 2336 2309 2283 2267 2292 2334 2384 2412 2427 2440 2453 2465 2475 2485 2497 2502 2499 2488 2471 2458 2460 2475 2491 2508 2556 2604 2644 2684 2725 2769 2765 2720 2686 2657 2628 2600 2567 2547 2545 2561 2581 2595 2603 2609 2610 2603 2584 2555 2523 2496 2468 2439 2410 2379 2345 2314 2284 2258 2235 2211 2174 2125 2086 2045 2007 1971 1940 1941 1963 1987 2007 2019 2026 2029 2018 1998 1969
2528 2511 2485 2448 2416 2391 2370 2345 2321 2295 2253 2270 2316 2367 2405 2419 2432 2444 2454 2461 2469 2474 2480 2470 2448 2431 2423 2435 2456 2481 2511 2562 2604 2647 2692 2731 2763 2755 2712 2680 2649 2618 2589 2563 2542 2533 2543 2561 2575 2589 2600 2602 2603 2585 2560 2532 2506 2474 2442 2409 2371 2335 2302 2273 2245 2218 2190 2140 2097 2069 2030 1999 1983 1980 1996 2012 2030 2044 2056 2065 2060 2040 2010 1977
2533 2515 2500 2470 2439 2410 2386 2362 2335 2302 2251 2244 2294 2345 2393 2411 2423 2433 2441 2446 2451 2450 2445 2433 2411 2399 2398 2418 2448 2482 2525 2586 2621 2654 2693 2727 2755 2747 2712 2680 2645 2611 2584 2560 2537 2522 2525 2539 2554 2568 2579 2587 2589 2578 2555 2531 2509 2476 2432 2393 2353 2317 2287 2256 2224 2199 2156 2109 2098 2076 2037 2007 2003 2014 2031 2049 2070 2086 2094 2098 2083 2053 2016 1980
2538 2517 2500 2485 2458 2430 2404 2378 2344 2310 2259 2225 2271 2323 2367 2402 2413 2421 2427 2430 2432 2425 2412 2397 2395 2390 2396 2417 2454 2493 2548 2603 2630 2658 2689 2718 2744 2737 2706 2674 2640 2606 2580 2554 2531 2511 2508 2518 2533 2547 2558 2567 2572 2566 2545 2523 2504 2474 2419 2371 2326 2298 2282 2248 2211 2180 2146 2117 2099 2092 2062 2035 2037 2046 2064 2083 2102 2112 2114 2109 2098 2060 2019 1981
2539 2518 2499 2481 2460 2436 2413 2384 2350 2316 2269 2217 2244 2296 2338 2376 2402 2409 2413 2413 2412 2400 2371 2373 2389 2391 2399 2431 2463 2498 2560 2610 2635 2660 2685 2709 2732 2730 2704 2674 2640 2607 2579 2551 2524 2504 2496 2500 2512 2525 2536 2548 2556 2554 2537 2515 2499 2457 2410 2361 2312 2297 2279 2248 2218 2194 2176 2148 2123 2110 2089 2073 2070 2076 2095 2112 2127 2135 2128 2113 2094 2057 2019 1981
2540 2520 2501 2479 2457 2434 2411 2383 2350 2316 2274 2215 2216 2268 2310 2347 2377 2400 2399 2391 2373 2344 2324 2344 2372 2392 2411 2444 2476 2516 2576 2613 2637 2660 2682 2702 2719 2718 2702 2675 2645 2613 2582 2552 2522 2496 2473 2473 2491 2506 2518 2531 2542 2544 2533 2511 2488 2446 2407 2364 2321 2300 2282 2257 2231 2216 2206 2189 2167 2146 2118 2099 2096 2099 2127 2151 2155 2147 2129 2106 2078 2037 1998 1964
2539 2517 2496 2475 2454 2433 2411 2385 2352 2317 2275 2216 2205 2241 2286 2319 2348 2362 2354 2339 2318 2299 2298 2329 2365 2395 2427 2460 2493 2536 2598 2619 2639 2659 2677 2695 2707 2710 2699 2672 2645 2618 2589 2557 2525 2493 2461 2445 2460 2486 2505 2518 2530 2537 2533 2515 2499 2466 2429 2407 2375 2331 2292 2271 2253 2241 2225 2210 2199 2178 2146 2122 2126 2158 2173 2171 2157 2136 2114 2091 2057 2022 1980 1942
2532 2509 2486 2464 2443 2424 2404 2379 2350 2318 2280 2236 2208 2220 2251 2291 2313 2319 2308 2288 2276 2296 2307 2340 2380 2414 2444 2476 2513 2557 2602 2615 2631 2648 2666 2682 2701 2701 2694 2677 2650 2621 2596 2563 2528 2494 2460 2429 2429 2458 2490 2504 2515 2528 2536 2526 2510 2495 2464 2440 2413 2376 2324 2292 2277 2261 2241 2219 2203 2195 2174 2183 2192 2186 2167 2145 2122 2108 2096 2066 2034 1999 1961 1918
2524 2501 2477 2454 2431 2410 2391 2369 2342 2314 2283 2245 2208 2199 2208 2242 2268 2269 2252 2238 2269 2304 2332 2365 2399 2433 2464 2490 2524 2569 2600 2609 2621 2636 2651 2664 2679 2689 2688 2673 2651 2626 2602 2568 2532 2496 2458 2421 2412 2431 2457 2479 2503 2518 2532 2533 2523 2509 2497 2469 2442 2412 2369 2331 2297 2277 2253 2224 2201 2195 2178 2172 2170 2131 2105 2095 2080 2062 2047 2028 2002 1973 1936 1896
2516 2492 2467 2443 2420 2397 2376 2355 2332 2307 2278 2245 2212 2195 2190 2200 2209 2207 2215 2248 2303 2326 2351 2379 2412 2450 2487 2515 2543 2578 2600 2602 2611 2622 2633 2642 2652 2674 2689 2673 2649 2625 2606 2577 2540 2504 2466 2428 2411 2412 2422 2442 2479 2505 2520 2530 2530 2521 2509 2499 2470 2439 2407 2368 2326 2291 2262 2229 2203 2183 2163 2141 2118 2098 2092 2068 2025 2002 1999 1995 1968 1937 1904 1872
2508 2481 2455 2430 2407 2386 2365 2343 2321 2297 2268 2238 2206 2184 2173 2186 2201 2214 2232 2285 2317 2343 2369 2396 2432 2469 2504 2531 2560 2587 2600 2600 2603 2609 2611 2616 2627 2671 2694 2680 2655 2628 2603 2579 2542 2505 2476 2446 2418 2401 2398 2407 2447 2486 2507 2521 2528 2528 2519 2508 2500 2470 2437 2401 2356 2311 2275 2235 2199 2185 2164 2140 2116 2099 2088 2055 2012 1999 1997 1977 1937 1907 1880 1850
2499 2467 2439 2413 2391 2373 2353 2333 2312 2288 2262 2235 2205 2177 2159 2173 2202 2237 2273 2306 2329 2354 2381 2413 2452 2489 2520 2549 2577 2594 2599 2597 2595 2595 2597 2599 2611 2674 2695 2685 2648 2613 2600 2574 2541 2506 2479 2453 2429 2404 2384 2386 2415 2453 2492 2507 2520 2526 2525 2517 2507 2498 2463 2426 2386 2346 2308 2269 2227 2194 2176 2158 2136 2124 2104 2074 2030 2003 1994 1964 1924 1894 1876 1866
2482 2447 2417 2394 2377 2359 2340 2320 2300 2277 2253 2228 2202 2167 2146 2171 2205 2248 2289 2319 2342 2365 2391 2432 2476 2508 2538 2572 2591 2593 2583 2569 2558 2563 2578 2590 2604 2676 2687 2657 2617 2600 2587 2564 2536 2505 2479 2452 2426 2400 2362 2355 2386 2421 2459 2498 2509 2519 2524 2522 2515 2505 2496 2460 2424 2388 2350 2315 2279 2229 2200 2186 2170 2149 2127 2104 2068 2038 2009 1984 1945 1910 1892 1890
2454 2417 2393 2376 2360 2344 2328 2309 2287 2263 2240 2216 2189 2146 2138 2175 2214 2260 2303 2329 2355 2378 2403 2454 2502 2528 2559 2582 2588 2579 2556 2537 2521 2524 2547 2569 2594 2657 2677 2609 2598 2581 2566 2549 2529 2504 2478 2451 2423 2394 2346 2328 2351 2391 2427 2465 2500 2509 2518 2522 2520 2513 2505 2496 2459 2424 2391 2356 2321 2282 2244 2218 2192 2170 2146 2123 2100 2066 2036 2005 1971 1939 1921 1923
2414 2390 2373 2357 2341 2327 2312 2296 2274 2250 2226 2202 2162 2125 2141 2189 2232 2276 2313 2341 2367 2391 2428 2474 2511 2539 2570 2578 2572 2551 2528 2508 2497 2499 2521 2553 2590 2653 2657 2599 2586 2562 2541 2526 2512 2495 2470 2443 2417 2386 2338 2316 2324 2361 2395 2433 2471 2501 2510 2517 2519 2518 2512 2504 2490 2452 2422 2394 2358 2319 2282 2249 2216 2187 2162 2138 2115 2089 2054 2019 1992 1973 1964 1975
2396 2377 2353 2337 2321 2306 2292 2275 2256 2236 2213 2182 2130 2117 2155 2203 2248 2293 2324 2352 2380 2407 2449 2492 2520 2547 2563 2560 2544 2519 2498 2479 2470 2476 2501 2541 2585 2644 2661 2600 2577 2546 2517 2501 2489 2475 2456 2432 2406 2379 2346 2317 2303 2326 2363 2400 2440 2485 2502 2509 2515 2517 2515 2509 2501 2473 2445 2418 2386 2347 2310 2274 2237 2198 2174 2152 2128 2103 2069 2034 2003 2000 2004 2027
2394 2369 2342 2317 2301 2282 2264 2251 2235 2216 2194 2154 2112 2121 2174 2218 2260 2303 2331 2358 2387 2424 2465 2501 2526 2543 2538 2528 2512 2494 2465 2434 2428 2449 2485 2527 2573 2622 2658 2616 2580 2540 2503 2482 2464 2450 2433 2415 2394 2371 2346 2321 2297 2299 2332 2370 2408 2490 2531 2501 2507 2512 2514 2512 2504 2489 2462 2434 2406 2369 2332 2297 2259 2219 2189 2165 2139 2115 2090 2062 2039 2038 2057 2097
2405 2374 2340 2308 2282 2260 2236 2222 2211 2194 2164 2120 2103 2129 2188 2228 2266 2305 2337 2366 2393 2453 2495 2502 2521 2524 2510 2500 2485 2463 2430 2404 2400 2430 2475 2517 2563 2608 2648 2628 2587 2539 2499 2474 2442 2423 2411 2393 2375 2356 2336 2314 2296 2290 2304 2342 2374 2405 2447 2477 2500 2504 2509 2510 2506 2498 2471 2443 2416 2386 2352 2319 2282 2240 2202 2176 2154 2133 2112 2094 2082 2083 2106 2154
2430 2391 2352 2312 2279 2247 2217 2195 2184 2163 2137 2105 2105 2142 2195 2233 2269 2305 2337 2372 2424 2545 2520 2498 2508 2506 2491 2473 2460 2435 2404 2383 2396 2425 2465 2506 2553 2599 2634 2630 2597 2554 2513 2478 2438 2404 2396 2373 2349 2335 2318 2299 2296 2296 2298 2316 2347 2377 2407 2440 2468 2488 2501 2504 2502 2495 2472 2447 2421 2394 2361 2327 2292 2253 2216 2188 2171 2163 2161 2109 2129 2134 2156 2199
2453 2415 2374 2329 2292 2253 2207 2161 2142 2133 2111 2097 2118 2161 2203 2239 2276 2310 2341 2371 2411 2452 2470 2487 2496 2494 2477 2457 2436 2413 2379 2350 2376 2416 2456 2496 2541 2585 2616 2625 2603 2567 2528 2491 2450 2412 2392 2359 2325 2305 2298 2287 2282 2283 2289 2298 2326 2355 2383 2411 2438 2459 2478 2493 2495 2488 2472 2449 2424 2402 2368 2335 2301 2265 2231 2199 2194 2199 2194 2190 2188 2191 2192 2183
2462 2429 2393 2345 2296 2251 2210 2142 2107 2111 2098 2099 2127 2169 2208 2242 2277 2311 2344 2376 2403 2433 2459 2480 2490 2486 2466 2442 2420 2395 2344 2325 2364 2412 2452 2489 2529 2569 2602 2613 2604 2579 2541 2506 2469 2432 2395 2349 2307 2299 2291 2275 2263 2259 2266 2280 2306 2335 2362 2388 2411 2433 2453 2472 2478 2473 2462 2447 2427 2405 2377 2343 2306 2272 2237 2204 2188 2163 2141 2107 2159 2184 2198 2195
2460 2433 2404 2355 2301 2261 2222 2170 2105 2101 2089 2097 2132 2172 2210 2242 2274 2305 2339 2375 2407 2434 2461 2482 2491 2479 2456 2432 2407 2370 2324 2316 2357 2408 2444 2479 2514 2551 2586 2600 2602 2582 2549 2516 2486 2448 2411 2366 2320 2300 2288 2267 2244 2233 2234 2252 2283 2315 2343 2366 2387 2409 2431 2449 2461 2457 2447 2435 2421 2408 2380 2344 2307 2274 2242 2213 2180 2127 2096 2091 2099 2128 2159 2180
2452 2426 2401 2358 2310 2272 2236 2200 2142 2098 2077 2095 2131 2171 2208 2239 2269 2300 2336 2373 2406 2435 2468 2485 2488 2473 2447 2422 2395 2338 2308 2319 2359 2400 2434 2467 2498 2533 2563 2587 2592 2582 2556 2527 2501 2464 2427 2389 2351 2316 2288 2261 2232 2212 2206 2217 2252 2297 2324 2347 2369 2391 2410 2428 2443 2440 2433 2423 2412 2403 2381 2344 2308 2277 2249 2223 2198 2142 2096 2091 2081 2091 2117 2145
2436 2412 2385 2345 2301 2269 2238 2207 2149 2093 2067 2088 2125 2168 2206 2237 2267 2299 2336 2372 2405 2433 2466 2483 2483 2467 2438 2409 2366 2307 2297 2309 2350 2399 2430 2460 2487 2514 2538 2565 2580 2586 2570 2544 2512 2481 2444 2408 2372 2337 2302 2267 2228 2194 2183 2190 2222 2267 2307 2331 2352 2372 2391 2409 2426 2425 2420 2412 2404 2400 2383 2347 2309 2280 2255 2231 2208 2153 2095 2071 2045 2054 2085 2112
2418 2393 2364 2332 2295 2267 2240 2212 2161 2092 2058 2078 2118 2158 2199 2231 2266 2299 2335 2371 2405 2428 2452 2474 2474 2452 2422 2395 2339 2290 2272 2299 2341 2390 2422 2451 2475 2494 2515 2541 2565 2583 2581 2559 2523 2497 2462 2427 2393 2358 2323 2288 2240 2197 2165 2163 2193 2237 2284 2313 2333 2353 2373 2391 2408 2411 2408 2404 2400 2400 2378 2345 2310 2283 2259 2236 2213 2168 2097 2046 2012 2019 2048 2078
2400 2374 2348 2318 2290 2265 2240 2215 2167 2098 2052 2071 2117 2157 2198 2231 2261 2292 2328 2368 2404 2430 2457 2468 2462 2439 2412 2374 2316 2263 2243 2297 2342 2386 2420 2442 2462 2481 2498 2522 2549 2573 2578 2559 2536 2505 2473 2440 2406 2370 2335 2299 2253 2210 2169 2138 2162 2207 2252 2292 2316 2338 2355 2373 2388 2397 2400 2400 2400 2387 2366 2338 2307 2283 2259 2236 2212 2171 2112 2050 2000 1997 2010 2040
2380 2357 2332 2304 2282 2259 2236 2212 2169 2105 2049 2053 2107 2148 2187 2219 2251 2284 2321 2362 2401 2424 2449 2458 2451 2427 2404 2352 2292 2230 2228 2295 2340 2382 2413 2433 2454 2474 2491 2504 2527 2550 2564 2561 2539 2509 2481 2447 2414 2382 2348 2311 2272 2228 2183 2128 2128 2178 2221 2264 2303 2321 2336 2352 2365 2369 2369 2361 2361 2357 2346 2325 2300 2280 2260 2238 2216 2186 2125 2066 2007 1980 1978 2004
2357 2336 2313 2292 2273 2251 2229 2207 2163 2106 2048 2039 2098 2137 2173 2210 2243 2276 2312 2352 2391 2414 2434 2446 2432 2412 2384 2326 2257 2205 2225 2283 2330 2372 2407 2427 2447 2469 2487 2498 2503 2520 2536 2546 2536 2513 2487 2456 2426 2395 2361 2325 2286 2240 2193 2133 2110 2150 2202 2242 2276 2301 2315 2329 2340 2338 2336 2317 2309 2322 2322 2308 2292 2276 2257 2237 2217 2193 2135 2082 2031 1985 1951 1968
2328 2310 2295 2283 2266 2245 2223 2203 2158 2107 2046 2029 2083 2124 2163 2202 2234 2268 2301 2338 2375 2405 2422 2429 2416 2400 2357 2301 2219 2197 2228 2275 2319 2362 2402 2423 2446 2469 2485 2505 2528 2501 2513 2526 2523 2506 2483 2452 2421 2390 2359 2328 2295 2250 2204 2154 2110 2131 2176 2212 2244 2272 2291 2305 2314 2308 2302 2285 2270 2284 2293 2287 2278 2266 2252 2235 2216 2195 2150 2105 2053 2001 1952 1933
2299 2291 2282 2271 2258 2242 2221 2201 2168 2109 2050 2019 2057 2107 2146 2186 2220 2252 2285 2321 2357 2390 2409 2414 2404 2373 2332 2272 2198 2189 2214 2261 2313 2353 2395 2422 2448 2470 2484 2513 2512 2490 2491 2501 2501 2491 2468 2440 2410 2383 2355 2326 2296 2252 2207 2158 2109 2103 2140 2184 2218 2245 2267 2284 2289 2282 2269 2249 2225 2236 2254 2261 2262 2253 2242 2229 2215 2196 2151 2107 2061 2019 1972 1921
2283 2275 2267 2258 2246 2233 2218 2201 2159 2103 2050 2014 2035 2090 2131 2168 2199 2232 2269 2305 2339 2371 2398 2403 2393 2353 2311 2250 2192 2167 2193 2250 2311 2349 2386 2415 2445 2466 2477 2472 2438 2409 2421 2453 2469 2465 2448 2424 2398 2374 2348 2321 2290 2248 2208 2151 2099 2096 2120 2159 2199 2227 2249 2263 2266 2259 2245 2225 2199 2199 2216 2235 2243 2238 2229 2218 2207 2184 2148 2111 2073 2034 1995 1934
2267 2260 2252 2244 2233 2222 2209 2185 2139 2092 2044 2009 2027 2080 2119 2154 2186 2221 2257 2291 2324 2354 2377 2385 2370 2336 2294 2239 2188 2149 2181 2237 2301 2340 2378 2410 2436 2457 2461 2439 2407 2399 2398 2411 2430 2433 2423 2404 2386 2364 2340 2315 2284 2246 2208 2149 2093 2073 2103 2143 2183 2212 2230 2241 2243 2236 2224 2203 2193 2194 2198 2210 2224 2222 2215 2206 2198 2173 2147 2116 2082 2046 2010 1960
2250 2244 2237 2229 2220 2209 2194 2153 2111 2076 2027 2005 2025 2077 2117 2154 2188 2217 2251 2281 2302 2328 2349 2353 2343 2316 2280 2235 2187 2133 2163 2222 2287 2331 2370 2403 2427 2449 2451 2435 2410 2393 2387 2388 2396 2401 2397 2390 2376 2356 2334 2310 2279 2244 2209 2150 2090 2053 2086 2126 2165 2193 2212 2223 2222 2217 2209 2194 2167 2161 2167 2185 2203 2204 2201 2191 2177 2156 2133 2110 2085 2052 2017 1981
2233 2228 2221 2214 2205 2188 2155 2113 2081 2039 2007 2005 2041 2088 2129 2169 2200 2222 2247 2271 2291 2302 2320 2319 2313 2292 2264 2229 2185 2122 2144 2199 2268 2322 2358 2391 2412 2431 2440 2427 2405 2374 2349 2345 2360 2373 2378 2380 2366 2348 2327 2305 2273 2237 2202 2142 2084 2037 2062 2108 2142 2172 2198 2207 2207 2204 2200 2177 2141 2120 2125 2149 2168 2176 2172 2162 2149 2130 2112 2094 2077 2054 2029 1999
2216 2212 2205 2196 2173 2144 2116 2083 2054 2021 2002 2017 2066 2107 2152 2195 2211 2228 2251 2273 2290 2298 2295 2293 2290 2275 2249 2218 2176 2115 2121 2184 2254 2313 2346 2376 2402 2417 2425 2416 2399 2355 2315 2309 2323 2347 2361 2375 2368 2347 2323 2301 2268 2235 2202 2137 2077 2026 2037 2091 2125 2153 2179 2201 2199 2199 2191 2163 2121 2099 2099 2115 2135 2146 2142 2133 2120 2102 2091 2080 2064 2044 2022 1997
2199 2191 2175 2157 2131 2100 2077 2052 2026 2005 2010 2042 2088 2135 2183 2207 2222 2240 2260 2279 2290 2292 2285 2279 2270 2259 2238 2211 2165 2110 2123 2185 2243 2303 2333 2361 2385 2399 2406 2401 2382 2345 2304 2293 2300 2325 2346 2366 2368 2352 2324 2297 2262 2229 2195 2135 2080 2021 2017 2068 2110 2138 2161 2182 2196 2191 2177 2153 2125 2099 2090 2089 2107 2117 2112 2104 2095 2087 2076 2064 2051 2036 2017 1991
2167 2157 2140 2120 2093 2062 2039 2017 1998 1994 2012 2058 2103 2159 2203 2218 2234 2253 2270 2285 2291 2286 2276 2265 2253 2243 2226 2202 2143 2106 2127 2175 2224 2282 2320 2348 2368 2386 2399 2388 2365 2334 2302 2290 2295 2308 2333 2354 2358 2346 2316 2287 2252 2217 2175 2121 2068 2013 2009 2053 2098 2121 2142 2161 2173 2171 2161 2146 2118 2088 2060 2054 2078 2085 2087 2084 2080 2072 2062 2052 2037 2022 2008 1986
2137 2125 2106 2082 2055 2023 1998 1992 1983 1988 2004 2072 2134 2190 2210 2226 2246 2264 2278 2287 2289 2282 2268 2253 2241 2228 2213 2176 2114 2099 2118 2167 2219 2271 2312 2334 2355 2377 2390 2382 2358 2331 2303 2278 2255 2270 2309 2329 2337 2324 2301 2275 2241 2205 2161 2117 2059 2005 2006 2039 2073 2103 2123 2141 2150 2149 2143 2133 2118 2082 2028 2013 2041 2053 2062 2066 2064 2057 2048 2038 2027 2010 1992 1971
