src/main/resources/dem3.txt
ncols         205
nrows         204
xllcorner     0
yllcorner     0
cellsize      2
NODATA_value  9999
[rows 76 to 113 of 204, columns 0 to 83 of 205]
9999 2836 2865 2897 2901 2903 2902 2899 2876 2850 2823 2791 2740 2693 2669 2667 2682 2704 2722 2733 2739 2745 2771 2807 2845 2887 2934 2984 3017 3042 3067 3090 3115 3143 3172 3200 3214 3223 3228 3234 3239 3239 3231 3225 3212 3203 3193 3183 3173 3164 3155 3156 3165 3176 3187 3196 3208 3220 3232 3245 3257 3270 3282 3294 3307 3324 3340 3356 3373 3389 3403 3414 3424 3435 3446 3457 3468 3479 3489 3499 3506 3517 3527 3534
9999 2857 2884 2904 2911 2916 2918 2913 2896 2869 2840 2808 2762 2710 2695 2698 2708 2730 2749 2762 2774 2785 2793 2820 2852 2887 2936 2992 3021 3045 3069 3092 3121 3153 3183 3213 3230 3239 3239 3234 3227 3223 3221 3215 3210 3201 3191 3181 3170 3160 3151 3153 3162 3172 3183 3194 3205 3217 3229 3242 3254 3266 3278 3290 3304 3320 3337 3353 3369 3386 3401 3412 3422 3433 3444 3455 3466 3477 3488 3498 3509 3522 3536 3544
9999 2880 2904 2924 2934 2940 2940 2930 2912 2887 2856 2823 2784 2728 2695 2699 2726 2757 2778 2792 2805 2819 2825 2844 2870 2895 2933 2987 3018 3042 3066 3091 3124 3159 3193 3227 3251 3260 3260 3253 3241 3228 3217 3209 3204 3198 3187 3177 3166 3155 3146 3148 3157 3168 3180 3191 3202 3214 3226 3238 3250 3262 3275 3288 3300 3317 3334 3351 3368 3385 3401 3412 3423 3434 3445 3455 3466 3477 3487 3498 3511 3528 3543 3552
9999 2906 2928 2948 2960 2966 2962 2949 2927 2904 2873 2838 2800 2749 2724 2725 2748 2781 2805 2821 2835 2850 2862 2876 2893 2900 2930 2977 3010 3038 3067 3096 3133 3170 3205 3242 3265 3272 3272 3265 3252 3237 3222 3211 3203 3195 3183 3168 3155 3146 3141 3145 3154 3165 3177 3188 3199 3211 3223 3234 3246 3259 3272 3285 3297 3313 3330 3347 3365 3382 3398 3410 3421 3433 3444 3456 3467 3478 3490 3501 3516 3532 3549 3558
9999 2934 2956 2975 2987 2991 2983 2966 2945 2921 2893 2854 2812 2774 2760 2757 2774 2803 2827 2847 2864 2880 2894 2907 2921 2927 2947 2978 3000 3033 3067 3101 3141 3182 3217 3255 3274 3279 3277 3267 3252 3236 3222 3210 3202 3193 3179 3164 3149 3139 3135 3136 3142 3153 3169 3184 3196 3206 3218 3231 3243 3256 3269 3282 3294 3309 3327 3344 3360 3377 3394 3407 3419 3430 3442 3454 3465 3477 3487 3498 3513 3534 3552 3561
9999 2963 2987 3004 3012 3012 3003 2986 2965 2941 2913 2876 2832 2797 2789 2786 2795 2821 2846 2869 2890 2909 2926 2941 2955 2963 2973 2991 2999 3029 3069 3108 3148 3188 3221 3254 3279 3285 3280 3268 3252 3235 3219 3208 3199 3188 3173 3157 3144 3135 3131 3132 3138 3148 3164 3178 3191 3202 3215 3227 3240 3254 3267 3280 3292 3306 3321 3338 3355 3373 3390 3405 3417 3428 3439 3450 3461 3472 3484 3496 3510 3530 3550 3561
9999 2992 3012 3026 3034 3034 3023 3008 2986 2961 2933 2902 2859 2815 2799 2798 2815 2841 2866 2889 2914 2939 2958 2974 2988 2996 2998 3001 3001 3037 3077 3116 3159 3199 3226 3255 3281 3291 3282 3268 3251 3234 3219 3206 3195 3183 3169 3155 3142 3132 3127 3129 3136 3147 3160 3175 3189 3200 3212 3225 3238 3251 3264 3277 3289 3299 3316 3334 3351 3369 3386 3402 3413 3423 3433 3445 3457 3469 3481 3492 3505 3522 3542 3553
9999 3016 3033 3048 3056 3055 3045 3030 3010 2986 2957 2925 2889 2846 2808 2804 2831 2863 2887 2913 2941 2968 2989 3007 3022 3033 3042 3041 3034 3060 3091 3127 3173 3211 3238 3264 3286 3296 3284 3268 3251 3234 3219 3204 3191 3179 3166 3153 3139 3129 3123 3125 3133 3145 3158 3172 3185 3197 3209 3222 3235 3248 3260 3272 3284 3296 3312 3330 3347 3364 3379 3396 3407 3418 3429 3440 3452 3464 3476 3488 3499 3513 3527 3536
9999 3040 3058 3072 3080 3078 3070 3056 3038 3014 2985 2950 2914 2876 2842 2839 2858 2884 2911 2939 2967 2994 3017 3036 3054 3070 3084 3087 3087 3095 3100 3138 3189 3225 3255 3281 3299 3302 3287 3270 3253 3234 3216 3198 3186 3174 3162 3149 3136 3125 3119 3122 3130 3142 3155 3169 3181 3194 3207 3219 3231 3244 3256 3268 3281 3294 3308 3325 3341 3357 3374 3392 3403 3413 3424 3436 3447 3459 3471 3482 3493 3502 3510 3516
9999 3059 3083 3097 3103 3101 3097 3086 3068 3043 3012 2978 2940 2899 2875 2877 2889 2904 2933 2962 2991 3016 3039 3062 3082 3103 3119 3126 3131 3137 3141 3166 3203 3238 3271 3300 3310 3305 3289 3269 3247 3227 3208 3193 3181 3168 3156 3144 3132 3121 3114 3118 3127 3139 3151 3164 3178 3191 3204 3216 3229 3241 3253 3265 3277 3289 3301 3318 3335 3353 3370 3386 3399 3409 3420 3431 3443 3455 3467 3477 3486 3493 3498 3500
9999 3075 3100 3112 3121 3122 3118 3111 3097 3072 3041 3007 2969 2926 2898 2896 2899 2922 2955 2984 3011 3035 3058 3082 3107 3129 3149 3163 3174 3184 3190 3197 3222 3254 3287 3310 3321 3310 3289 3265 3241 3218 3198 3187 3175 3162 3149 3138 3127 3116 3110 3114 3123 3134 3146 3160 3174 3187 3200 3212 3224 3236 3248 3260 3272 3284 3297 3314 3331 3345 3361 3375 3391 3405 3416 3427 3438 3450 3460 3469 3478 3485 3492 3496
9999 3091 3112 3127 3139 3143 3139 3130 3117 3101 3071 3038 3001 2962 2924 2903 2913 2942 2977 3006 3030 3054 3077 3100 3127 3153 3175 3196 3209 3219 3223 3225 3243 3274 3303 3327 3334 3313 3289 3262 3236 3212 3193 3180 3168 3157 3143 3131 3120 3111 3104 3109 3117 3129 3141 3155 3168 3181 3194 3207 3218 3231 3243 3256 3269 3282 3294 3307 3320 3336 3352 3368 3384 3400 3411 3422 3433 3443 3453 3462 3471 3478 3487 3493
9999 3105 3125 3143 3157 3164 3162 3149 3137 3121 3103 3072 3034 2996 2959 2934 2939 2965 2996 3023 3050 3075 3098 3124 3149 3176 3200 3219 3235 3246 3254 3257 3269 3292 3318 3345 3344 3317 3289 3259 3230 3204 3188 3175 3162 3149 3138 3125 3114 3105 3098 3103 3111 3122 3135 3148 3161 3175 3188 3201 3214 3227 3240 3253 3265 3276 3287 3298 3313 3330 3347 3363 3378 3394 3406 3416 3426 3436 3445 3454 3462 3472 3482 3490
9999 3114 3136 3159 3176 3184 3180 3169 3158 3143 3124 3103 3067 3029 2990 2967 2967 2985 3012 3039 3064 3090 3122 3149 3174 3199 3221 3242 3259 3272 3283 3290 3298 3309 3337 3358 3348 3314 3285 3253 3222 3196 3182 3169 3155 3142 3130 3118 3107 3098 3092 3095 3103 3115 3129 3143 3156 3170 3184 3198 3211 3224 3236 3247 3258 3270 3282 3295 3310 3325 3341 3356 3371 3386 3399 3409 3420 3429 3437 3446 3455 3467 3478 3488
9999 3119 3145 3168 3191 3200 3199 3191 3180 3166 3146 3123 3100 3063 3016 2992 2991 2999 3029 3059 3084 3110 3143 3176 3201 3220 3242 3264 3283 3297 3309 3319 3327 3337 3357 3367 3347 3309 3278 3246 3213 3191 3176 3162 3148 3135 3123 3110 3099 3088 3081 3085 3097 3110 3124 3138 3152 3166 3180 3194 3206 3218 3230 3242 3254 3266 3278 3290 3303 3318 3334 3349 3363 3377 3391 3403 3413 3421 3429 3437 3449 3462 3475 3485
9999 3120 3149 3176 3200 3200 3204 3206 3204 3188 3167 3144 3122 3100 3055 3020 3005 3024 3049 3080 3109 3140 3172 3203 3224 3243 3262 3284 3307 3322 3334 3345 3362 3374 3376 3369 3338 3305 3273 3240 3208 3188 3171 3155 3141 3127 3114 3102 3089 3076 3068 3078 3091 3104 3118 3132 3146 3160 3174 3187 3201 3213 3225 3237 3249 3261 3273 3285 3297 3312 3326 3341 3355 3369 3382 3395 3405 3413 3421 3431 3444 3458 3472 3482
9999 3124 3154 3183 3203 3212 3220 3225 3225 3211 3189 3167 3145 3121 3094 3066 3046 3051 3074 3101 3133 3166 3199 3222 3245 3266 3284 3306 3335 3350 3359 3371 3383 3388 3384 3364 3331 3300 3268 3235 3202 3184 3167 3151 3135 3120 3105 3092 3078 3064 3059 3069 3084 3098 3112 3126 3140 3154 3168 3182 3195 3208 3219 3232 3244 3256 3268 3280 3292 3305 3319 3334 3348 3361 3374 3385 3397 3405 3414 3425 3439 3454 3468 3479
9999 3129 3159 3189 3212 3228 3240 3248 3250 3236 3213 3189 3167 3143 3122 3107 3093 3085 3101 3127 3158 3191 3217 3240 3263 3286 3310 3339 3367 3376 3383 3390 3393 3389 3379 3354 3318 3290 3260 3229 3198 3179 3162 3145 3128 3112 3097 3083 3069 3055 3049 3061 3076 3092 3106 3120 3135 3149 3163 3176 3190 3203 3215 3227 3240 3252 3264 3275 3287 3299 3313 3326 3340 3353 3366 3377 3388 3399 3409 3420 3435 3450 3464 3475
9999 3124 3159 3192 3222 3245 3262 3273 3276 3264 3240 3215 3191 3168 3149 3131 3120 3117 3126 3152 3183 3211 3235 3258 3280 3305 3341 3373 3398 3400 3400 3395 3387 3376 3361 3340 3307 3280 3251 3222 3194 3175 3156 3138 3121 3104 3089 3075 3060 3046 3041 3054 3071 3088 3103 3117 3131 3145 3158 3172 3186 3200 3212 3224 3235 3247 3259 3270 3282 3293 3306 3320 3335 3347 3358 3369 3381 3394 3405 3415 3427 3440 3454 3467
9999 3133 3170 3202 3231 3259 3281 3295 3302 3291 3268 3243 3217 3192 3170 3154 3145 3145 3152 3172 3201 3228 3254 3278 3301 3333 3369 3400 3403 3402 3399 3386 3372 3357 3340 3322 3297 3271 3244 3216 3190 3169 3149 3130 3112 3095 3080 3063 3047 3037 3035 3049 3067 3084 3100 3114 3128 3141 3155 3168 3182 3195 3207 3219 3230 3242 3254 3265 3278 3290 3303 3316 3328 3339 3351 3363 3375 3387 3397 3406 3418 3431 3444 3449
9999 3150 3187 3221 3248 3276 3301 3305 3306 3303 3296 3273 3246 3215 3190 3177 3171 3172 3178 3187 3213 3243 3271 3297 3329 3362 3395 3404 3406 3402 3391 3376 3360 3343 3326 3309 3288 3263 3237 3210 3185 3163 3142 3122 3103 3088 3071 3053 3037 3026 3027 3038 3057 3078 3095 3109 3122 3136 3149 3163 3176 3189 3202 3214 3226 3238 3250 3262 3275 3286 3297 3308 3320 3332 3344 3356 3368 3377 3388 3400 3410 3419 3429 3439
9999 3180 3208 3249 3276 3299 3313 3322 3325 3323 3317 3303 3274 3242 3214 3194 3191 3193 3195 3200 3228 3259 3289 3320 3354 3387 3403 3408 3406 3400 3383 3364 3347 3330 3314 3298 3278 3255 3231 3206 3179 3154 3132 3112 3094 3078 3058 3039 3025 3019 3021 3030 3048 3070 3089 3104 3117 3131 3145 3158 3171 3184 3197 3209 3221 3233 3245 3257 3269 3279 3290 3301 3312 3325 3338 3349 3358 3368 3380 3392 3402 3411 3421 3431
9999 3218 3237 3277 3305 3316 3329 3341 3347 3347 3339 3324 3299 3270 3243 3216 3199 3199 3200 3215 3247 3280 3312 3346 3379 3404 3408 3407 3404 3395 3376 3356 3337 3319 3302 3284 3265 3245 3223 3199 3171 3143 3118 3098 3085 3066 3047 3031 3019 3015 3016 3025 3041 3063 3084 3101 3114 3128 3141 3154 3166 3179 3191 3204 3216 3228 3239 3250 3262 3272 3282 3294 3306 3319 3330 3339 3349 3360 3371 3381 3393 3404 3413 3422
9999 3252 3274 3302 3321 3336 3346 3361 3370 3372 3364 3347 3327 3300 3273 3246 3224 3213 3219 3241 3272 3304 3338 3371 3402 3417 3416 3406 3400 3384 3365 3346 3328 3309 3290 3270 3251 3232 3211 3187 3159 3131 3105 3091 3078 3063 3046 3029 3017 3011 3011 3021 3039 3060 3080 3098 3111 3124 3136 3148 3161 3173 3186 3199 3210 3222 3234 3244 3254 3264 3275 3289 3301 3311 3319 3329 3340 3350 3360 3370 3381 3395 3405 3413
9999 3275 3301 3317 3336 3355 3365 3377 3390 3395 3390 3382 3361 3335 3302 3276 3257 3245 3249 3269 3296 3330 3363 3396 3420 3436 3426 3403 3388 3370 3351 3333 3316 3300 3280 3259 3239 3219 3199 3171 3145 3117 3096 3086 3074 3061 3046 3030 3017 3010 3008 3017 3035 3056 3075 3091 3106 3118 3131 3143 3156 3168 3180 3193 3206 3216 3226 3236 3246 3257 3270 3281 3291 3300 3310 3320 3330 3339 3348 3357 3369 3381 3394 3404
9999 3296 3314 3332 3352 3370 3385 3395 3410 3422 3422 3414 3398 3374 3344 3310 3289 3278 3279 3296 3320 3354 3389 3419 3449 3449 3424 3398 3373 3352 3333 3318 3305 3294 3270 3247 3227 3208 3183 3154 3128 3102 3091 3082 3070 3058 3046 3031 3018 3010 3006 3013 3030 3050 3067 3083 3100 3113 3125 3137 3149 3162 3175 3187 3199 3208 3218 3228 3239 3250 3261 3271 3279 3289 3300 3310 3318 3326 3333 3344 3355 3367 3380 3392
9999 3308 3326 3343 3361 3382 3401 3419 3435 3450 3454 3445 3429 3413 3388 3355 3330 3311 3310 3322 3345 3372 3404 3447 3468 3449 3413 3388 3363 3336 3315 3300 3301 3284 3261 3236 3213 3192 3166 3137 3109 3094 3085 3076 3067 3056 3043 3032 3020 3010 3005 3010 3024 3041 3057 3075 3092 3106 3118 3130 3143 3155 3168 3179 3189 3200 3210 3220 3231 3241 3251 3259 3267 3277 3288 3297 3304 3310 3318 3328 3340 3352 3364 3377
9999 3314 3333 3351 3369 3388 3411 3439 3462 3478 3484 3476 3462 3446 3424 3400 3376 3355 3347 3353 3372 3396 3441 3478 3475 3444 3399 3375 3350 3325 3302 3299 3287 3270 3246 3222 3200 3174 3148 3122 3097 3087 3078 3070 3061 3051 3042 3030 3020 3010 3004 3005 3017 3031 3047 3065 3082 3098 3111 3123 3135 3148 3158 3168 3178 3190 3201 3211 3221 3231 3238 3245 3255 3265 3274 3281 3288 3294 3302 3313 3325 3337 3349 3361
9999 3313 3333 3353 3373 3393 3418 3450 3480 3500 3503 3502 3495 3481 3463 3442 3420 3396 3383 3384 3395 3446 3489 3499 3473 3430 3396 3372 3348 3325 3301 3286 3271 3252 3231 3209 3184 3158 3132 3106 3092 3082 3073 3063 3054 3045 3036 3027 3017 3008 3002 3001 3009 3021 3036 3053 3070 3087 3103 3115 3128 3138 3148 3157 3168 3179 3190 3201 3211 3220 3225 3233 3242 3251 3258 3265 3271 3278 3287 3298 3310 3321 3333 3346
9999 3309 3329 3349 3369 3390 3417 3450 3483 3504 3514 3515 3510 3504 3501 3489 3467 3445 3428 3402 3477 3501 3501 3496 3463 3424 3391 3366 3341 3315 3293 3275 3258 3237 3216 3196 3169 3142 3117 3096 3086 3077 3067 3058 3048 3039 3030 3021 3012 3004 2998 2993 2998 3009 3024 3041 3059 3077 3094 3107 3118 3128 3136 3145 3157 3168 3178 3190 3200 3206 3212 3221 3229 3235 3242 3248 3255 3263 3273 3284 3294 3306 3318 3331
9999 3298 3317 3338 3359 3381 3407 3439 3471 3498 3522 3522 3521 3516 3510 3506 3503 3499 3496 3501 3505 3505 3501 3483 3451 3417 3388 3364 3340 3315 3291 3271 3249 3228 3206 3180 3154 3126 3101 3090 3080 3071 3061 3051 3043 3033 3024 3014 3006 2997 2983 2974 2982 2997 3013 3031 3049 3067 3083 3097 3108 3116 3124 3134 3146 3156 3166 3177 3186 3191 3199 3207 3213 3219 3225 3232 3239 3247 3259 3271 3282 3295 3306 3320
9999 3276 3306 3326 3345 3368 3393 3419 3448 3477 3515 3515 3521 3521 3519 3516 3513 3510 3510 3510 3508 3503 3494 3469 3441 3410 3385 3362 3339 3315 3293 3271 3247 3224 3202 3168 3139 3111 3094 3084 3074 3064 3055 3045 3035 3027 3019 3009 2999 2982 2966 2957 2968 2986 3004 3022 3040 3056 3071 3084 3096 3102 3112 3124 3134 3142 3153 3163 3170 3176 3185 3192 3197 3203 3209 3215 3223 3233 3246 3259 3273 3288 3299 3316
9999 3261 3287 3308 3327 3351 3375 3397 3426 3457 3488 3505 3514 3518 3519 3519 3517 3515 3513 3510 3504 3498 3480 3458 3432 3404 3381 3358 3336 3314 3291 3266 3241 3217 3193 3161 3127 3099 3088 3077 3067 3058 3048 3039 3029 3019 3011 3003 2990 2967 2947 2943 2953 2976 2997 3013 3029 3044 3059 3072 3080 3089 3101 3112 3120 3129 3139 3147 3153 3163 3171 3178 3183 3189 3195 3199 3209 3220 3234 3250 3266 3282 3296 3311
9999 3227 3256 3284 3310 3332 3357 3381 3405 3436 3469 3494 3504 3509 3511 3511 3511 3509 3505 3501 3494 3483 3468 3451 3425 3399 3377 3354 3332 3310 3285 3259 3236 3211 3185 3152 3117 3094 3082 3070 3060 3051 3041 3032 3023 3013 3003 2991 2972 2951 2937 2934 2942 2960 2985 3003 3018 3035 3048 3058 3067 3077 3089 3098 3106 3114 3123 3131 3139 3149 3157 3164 3170 3179 3187 3196 3200 3211 3227 3244 3260 3276 3292 3306
9999 3203 3231 3264 3294 3319 3344 3370 3395 3426 3458 3488 3497 3500 3501 3500 3500 3497 3486 3477 3474 3466 3455 3439 3423 3400 3378 3356 3333 3311 3285 3255 3226 3201 3177 3144 3110 3089 3076 3064 3053 3042 3032 3024 3015 3006 2996 2982 2965 2945 2930 2927 2937 2957 2978 2995 3011 3025 3036 3045 3053 3064 3073 3081 3090 3099 3108 3116 3126 3135 3143 3150 3158 3170 3181 3192 3199 3206 3223 3239 3257 3274 3291 3306
9999 3200 3222 3257 3290 3318 3343 3367 3392 3423 3459 3486 3487 3478 3474 3469 3463 3457 3451 3450 3452 3448 3438 3425 3412 3396 3375 3353 3330 3308 3282 3253 3224 3196 3166 3136 3107 3086 3071 3057 3046 3036 3025 3014 3005 2997 2986 2972 2958 2940 2925 2922 2934 2953 2973 2988 3001 3013 3024 3032 3039 3048 3056 3064 3073 3083 3092 3103 3113 3122 3130 3137 3149 3162 3176 3188 3198 3207 3224 3242 3259 3276 3293 3307
9999 3205 3234 3262 3291 3319 3347 3371 3394 3422 3465 3483 3478 3458 3447 3436 3425 3418 3417 3424 3430 3429 3422 3412 3401 3387 3367 3347 3327 3304 3277 3248 3219 3190 3162 3135 3107 3087 3069 3052 3038 3027 3018 3007 2996 2984 2975 2963 2949 2934 2921 2918 2931 2949 2965 2979 2991 3001 3011 3017 3024 3032 3039 3047 3057 3066 3077 3089 3100 3109 3117 3127 3140 3155 3171 3184 3196 3211 3228 3244 3261 3279 3296 3309
9999 3210 3237 3264 3292 3320 3350 3379 3400 3427 3464 3476 3466 3440 3422 3407 3395 3390 3390 3399 3407 3411 3407 3402 3399 3382 3361 3340 3320 3299 3272 3243 3214 3186 3158 3130 3102 3084 3066 3049 3032 3018 3007 2999 2987 2974 2962 2952 2939 2927 2915 2915 2927 2942 2956 2969 2980 2989 2996 3001 3008 3015 3022 3030 3040 3050 3062 3074 3085 3097 3106 3119 3134 3150 3165 3180 3194 3211 3228 3246 3264 3281 3299 3311
