src/main/resources/dem3.txt
ncols         205
nrows         204
xllcorner     0
yllcorner     0
cellsize      2
NODATA_value  9999
[rows 0 to 37 of 204, columns 84 to 167 of 205]
9999 9999 9999 9999 9999 9999 9999 9999 9999 9999 9999 9999 9999 9999 9999 9999 9999 9999 9999 9999 9999 9999 9999 9999 9999 9999 9999 9999 9999 9999 9999 9999 9999 9999 9999 9999 9999 9999 9999 9999 9999 9999 9999 9999 9999 9999 9999 9999 9999 9999 9999 9999 9999 9999 9999 9999 9999 9999 9999 9999 9999 9999 9999 9999 9999 9999 9999 9999 9999 9999 9999 9999 9999 9999 9999 9999 9999 9999 9999 9999 9999 9999 9999 9999
2295 2308 2352 2400 2457 2507 2558 2574 2599 2634 2674 2715 2818 2717 2659 2608 2518 2487 2431 2417 2462 2508 2588 2601 2606 2677 2682 2715 2758 2771 2802 2834 2878 2909 2920 2926 2916 2914 2902 2899 2898 2898 2902 2923 2935 2941 2946 2948 2948 2945 2939 2931 2924 2920 2908 2899 2896 2882 2874 2893 2907 2941 2973 3010 3060 3104 3135 3167 3199 3244 3276 3309 3345 3345 3351 3360 3356 3336 3326 3318 3310 3316 3351 3391
2306 2322 2371 2424 2485 2527 2565 2597 2627 2660 2699 2795 2844 2716 2659 2603 2537 2480 2428 2431 2484 2521 2553 2583 2618 2660 2701 2733 2762 2791 2830 2874 2911 2932 2948 2955 2949 2946 2936 2925 2909 2906 2926 2950 2966 2976 2981 2981 2982 2984 2974 2964 2964 2957 2942 2925 2904 2900 2900 2900 2905 2937 2973 3010 3054 3097 3130 3164 3198 3244 3289 3331 3365 3385 3390 3392 3388 3378 3361 3353 3345 3346 3374 3399
2310 2331 2390 2448 2507 2543 2580 2617 2651 2683 2727 2781 2789 2692 2646 2594 2527 2473 2433 2445 2493 2531 2566 2599 2641 2683 2720 2754 2784 2818 2859 2900 2927 2954 2973 2979 2986 2981 2972 2965 2946 2937 2949 2975 2995 3005 3012 3016 3017 3015 3004 3005 3002 2992 2978 2967 2949 2925 2902 2900 2913 2944 2980 3017 3057 3095 3130 3163 3196 3245 3295 3347 3387 3413 3420 3424 3425 3411 3395 3386 3379 3379 3393 3410
2322 2341 2401 2466 2519 2556 2593 2632 2669 2704 2753 2796 2800 2676 2628 2573 2512 2469 2442 2464 2503 2538 2577 2615 2659 2702 2738 2775 2808 2849 2891 2919 2946 2973 2996 3009 3016 3015 3010 3004 2985 2972 2975 2992 3015 3031 3040 3047 3047 3045 3039 3041 3037 3027 3016 3010 2996 2977 2957 2934 2939 2959 2985 3024 3066 3106 3142 3173 3210 3262 3312 3363 3407 3431 3446 3452 3457 3455 3453 3439 3414 3400 3399 3432
2342 2352 2411 2477 2527 2568 2608 2650 2688 2730 2781 2801 2800 2683 2608 2556 2506 2468 2454 2483 2515 2548 2583 2626 2673 2714 2748 2783 2822 2863 2902 2932 2963 2992 3014 3032 3045 3051 3050 3045 3023 3011 3006 3013 3030 3053 3066 3077 3079 3077 3077 3078 3071 3063 3056 3048 3034 3021 3001 2978 2978 2987 3010 3052 3095 3129 3166 3198 3234 3281 3326 3371 3413 3449 3470 3478 3488 3497 3507 3509 3498 3476 3459 3480
2373 2370 2423 2489 2536 2581 2625 2667 2708 2753 2800 2810 2801 2691 2606 2554 2505 2476 2469 2496 2526 2556 2590 2637 2689 2723 2755 2787 2824 2864 2903 2934 2966 2996 3028 3050 3069 3082 3089 3089 3078 3062 3044 3044 3057 3074 3092 3106 3113 3113 3115 3115 3108 3101 3095 3086 3069 3055 3033 3009 3000 3013 3044 3084 3128 3167 3202 3233 3267 3303 3338 3380 3421 3461 3491 3505 3523 3542 3553 3559 3555 3552 3555 3552
2392 2392 2430 2489 2536 2580 2628 2679 2723 2764 2803 2815 2802 2698 2603 2548 2498 2483 2485 2505 2536 2568 2598 2663 2708 2732 2759 2787 2822 2862 2902 2932 2963 2994 3027 3061 3088 3100 3099 3104 3108 3106 3087 3078 3087 3101 3130 3147 3153 3154 3155 3155 3148 3142 3139 3127 3107 3088 3067 3043 3031 3048 3078 3114 3168 3210 3242 3273 3299 3324 3352 3387 3433 3479 3513 3541 3560 3581 3598 3603 3604 3609 3615 3617
2406 2399 2440 2495 2540 2585 2634 2686 2731 2774 2806 2816 2800 2707 2598 2550 2509 2496 2498 2517 2547 2578 2617 2674 2714 2738 2763 2788 2821 2860 2900 2931 2961 2993 3028 3065 3098 3099 3104 3114 3124 3132 3119 3121 3133 3158 3176 3189 3193 3194 3195 3195 3188 3187 3183 3173 3170 3146 3100 3079 3071 3083 3112 3173 3216 3249 3282 3310 3330 3352 3378 3407 3453 3502 3536 3565 3590 3609 3623 3631 3631 3638 3645 3655
2416 2408 2447 2500 2545 2589 2642 2694 2737 2780 2806 2814 2798 2712 2620 2573 2532 2514 2513 2526 2554 2585 2625 2675 2712 2737 2759 2781 2804 2846 2891 2925 2958 2992 3027 3064 3098 3101 3111 3124 3139 3153 3159 3172 3195 3207 3213 3222 3229 3231 3232 3235 3229 3230 3228 3222 3222 3207 3187 3121 3098 3111 3159 3211 3250 3284 3313 3335 3359 3382 3410 3447 3489 3521 3555 3588 3610 3630 3652 3663 3664 3668 3681 3686
2417 2411 2453 2499 2543 2588 2645 2703 2738 2773 2802 2810 2799 2717 2646 2594 2557 2538 2526 2523 2547 2581 2624 2675 2708 2727 2748 2769 2792 2830 2873 2913 2948 2984 3019 3051 3083 3105 3118 3134 3153 3170 3186 3204 3219 3230 3239 3250 3262 3268 3267 3275 3271 3272 3276 3267 3263 3251 3229 3195 3141 3156 3200 3243 3281 3312 3336 3360 3384 3414 3449 3487 3516 3544 3575 3604 3625 3650 3670 3681 3685 3688 3694 3702
2418 2415 2463 2507 2547 2587 2648 2707 2739 2770 2800 2802 2791 2728 2671 2619 2582 2560 2540 2526 2536 2578 2615 2657 2691 2715 2736 2758 2781 2805 2849 2893 2930 2967 3005 3036 3069 3101 3118 3138 3159 3180 3199 3217 3234 3250 3263 3277 3291 3299 3299 3303 3301 3306 3312 3307 3303 3291 3269 3235 3196 3199 3233 3278 3311 3336 3359 3383 3411 3449 3486 3512 3534 3558 3587 3612 3635 3658 3671 3680 3682 3682 3684 3691
2428 2427 2467 2507 2548 2588 2647 2704 2731 2761 2788 2800 2784 2750 2702 2654 2605 2582 2558 2540 2543 2572 2601 2634 2669 2702 2723 2746 2767 2788 2821 2865 2907 2947 2996 3028 3057 3086 3108 3129 3150 3173 3197 3220 3242 3263 3282 3299 3300 3303 3307 3314 3318 3324 3334 3336 3336 3329 3313 3286 3245 3238 3271 3307 3335 3362 3384 3408 3445 3484 3510 3528 3548 3570 3593 3615 3637 3651 3657 3660 3661 3654 3655 3657
2441 2441 2470 2504 2539 2581 2647 2707 2726 2746 2769 2790 2768 2748 2723 2689 2639 2607 2591 2577 2571 2578 2595 2614 2645 2680 2710 2731 2750 2772 2796 2835 2878 2926 2978 3014 3042 3070 3094 3114 3138 3163 3190 3217 3244 3271 3296 3300 3303 3308 3316 3326 3336 3343 3354 3363 3368 3366 3358 3339 3293 3291 3299 3326 3355 3384 3412 3437 3473 3504 3518 3535 3555 3574 3593 3611 3627 3631 3628 3627 3627 3623 3621 3615
2460 2473 2494 2511 2544 2582 2633 2704 2725 2746 2766 2784 2776 2761 2738 2708 2666 2640 2622 2610 2604 2602 2602 2605 2616 2647 2688 2712 2732 2754 2777 2799 2845 2899 2955 3002 3029 3056 3075 3096 3121 3148 3177 3207 3239 3271 3300 3300 3306 3314 3325 3337 3349 3362 3373 3385 3396 3401 3401 3396 3342 3307 3318 3345 3374 3399 3433 3466 3499 3504 3516 3532 3550 3569 3586 3600 3606 3608 3606 3602 3601 3598 3594 3592
2494 2510 2528 2545 2573 2599 2644 2701 2729 2757 2783 2800 2800 2783 2754 2723 2695 2670 2652 2643 2639 2641 2638 2625 2614 2625 2648 2689 2712 2734 2758 2782 2807 2863 2925 2979 3018 3039 3054 3075 3100 3128 3159 3194 3228 3264 3300 3302 3310 3321 3333 3347 3361 3374 3387 3400 3415 3419 3415 3405 3393 3366 3358 3367 3388 3418 3452 3488 3500 3504 3512 3525 3542 3559 3573 3580 3583 3585 3583 3580 3577 3579 3575 3576
2516 2543 2566 2587 2609 2631 2660 2703 2733 2764 2794 2800 2800 2799 2776 2747 2722 2698 2686 2677 2678 2683 2684 2675 2659 2653 2654 2669 2696 2718 2742 2768 2791 2816 2879 2938 2998 3014 3029 3051 3076 3105 3137 3172 3206 3241 3285 3304 3314 3326 3340 3354 3369 3383 3396 3409 3426 3437 3433 3422 3409 3404 3400 3397 3405 3435 3468 3500 3500 3502 3509 3517 3530 3545 3554 3556 3557 3557 3555 3556 3555 3552 3554 3560
2548 2569 2594 2621 2648 2672 2688 2712 2742 2773 2800 2802 2805 2806 2801 2775 2753 2736 2725 2717 2721 2730 2730 2723 2714 2704 2695 2691 2699 2711 2734 2759 2781 2795 2835 2880 2923 2970 3004 3024 3047 3074 3104 3138 3173 3221 3269 3305 3317 3329 3342 3356 3370 3383 3397 3413 3432 3447 3452 3441 3423 3418 3411 3402 3417 3448 3483 3500 3500 3499 3504 3510 3518 3526 3531 3530 3530 3529 3531 3533 3535 3538 3544 3553
2587 2598 2622 2652 2681 2709 2730 2742 2761 2787 2805 2815 2823 2827 2819 2807 2788 2779 2770 2767 2778 2780 2780 2781 2771 2750 2732 2716 2712 2726 2742 2759 2776 2789 2805 2845 2879 2912 2959 2992 3011 3036 3067 3102 3143 3195 3248 3300 3313 3327 3340 3354 3368 3382 3397 3413 3433 3449 3457 3453 3440 3435 3416 3410 3430 3463 3492 3500 3500 3500 3500 3503 3508 3509 3506 3504 3505 3507 3511 3517 3526 3533 3541 3557
2598 2620 2647 2675 2710 2748 2777 2786 2794 2809 2828 2841 2850 2853 2847 2840 2829 2823 2815 2817 2824 2824 2823 2823 2812 2792 2769 2751 2742 2752 2770 2781 2787 2792 2798 2836 2885 2898 2929 2974 2998 3000 3031 3067 3105 3154 3207 3271 3307 3320 3334 3347 3361 3375 3390 3406 3423 3441 3457 3463 3457 3447 3428 3417 3439 3467 3486 3498 3497 3500 3500 3499 3495 3491 3485 3485 3492 3497 3508 3518 3527 3538 3550 3565
2595 2627 2660 2692 2734 2776 2800 2804 2820 2835 2855 2873 2880 2881 2879 2877 2876 2868 2863 2866 2863 2864 2861 2856 2841 2822 2800 2785 2775 2781 2795 2800 2806 2811 2864 2887 2898 2905 2935 2976 2996 3000 3006 3038 3077 3116 3166 3224 3297 3312 3324 3337 3349 3363 3380 3399 3412 3427 3450 3468 3468 3460 3430 3423 3443 3461 3473 3478 3473 3477 3481 3477 3474 3473 3469 3473 3488 3500 3511 3523 3537 3551 3565 3580
2598 2614 2665 2706 2754 2799 2803 2814 2835 2861 2882 2899 2902 2907 2909 2910 2912 2907 2908 2906 2902 2903 2898 2888 2873 2852 2826 2801 2797 2807 2823 2840 2854 2882 2917 2928 2937 2948 2971 2988 2999 3000 3004 3018 3049 3090 3135 3187 3254 3303 3313 3322 3334 3349 3367 3385 3400 3412 3438 3466 3470 3457 3424 3424 3438 3445 3451 3449 3444 3447 3458 3449 3449 3451 3456 3468 3486 3501 3514 3528 3542 3557 3572 3587
2611 2615 2663 2708 2759 2800 2805 2821 2847 2873 2898 2904 2917 2928 2932 2935 2938 2936 2938 2940 2938 2938 2932 2921 2903 2882 2849 2816 2808 2827 2850 2873 2898 2923 2945 2965 2977 2992 3009 3020 3028 3029 3019 3016 3031 3067 3102 3154 3209 3289 3300 3307 3319 3335 3352 3361 3375 3392 3410 3424 3435 3436 3414 3418 3419 3427 3427 3423 3420 3422 3436 3431 3436 3443 3454 3472 3488 3502 3515 3528 3542 3557 3572 3586
2634 2617 2642 2695 2744 2784 2805 2822 2842 2871 2896 2915 2934 2949 2954 2960 2963 2965 2969 2975 2975 2972 2965 2958 2935 2902 2867 2828 2813 2837 2871 2898 2928 2955 2975 2995 3014 3029 3048 3059 3068 3074 3066 3046 3043 3060 3089 3123 3183 3251 3281 3297 3305 3319 3324 3331 3343 3358 3375 3383 3393 3400 3403 3404 3409 3412 3411 3410 3411 3414 3420 3430 3436 3448 3463 3482 3496 3507 3519 3531 3544 3557 3569 3580
2660 2629 2630 2671 2711 2750 2786 2804 2832 2863 2894 2926 2953 2971 2975 2984 2989 2994 3000 3006 3008 3005 3001 2993 2962 2921 2881 2837 2818 2840 2883 2921 2956 2986 3006 3026 3046 3064 3085 3098 3104 3110 3105 3094 3085 3083 3094 3118 3164 3213 3235 3255 3277 3289 3295 3300 3306 3318 3333 3352 3374 3393 3399 3400 3405 3411 3413 3414 3415 3418 3437 3449 3452 3466 3480 3495 3508 3519 3529 3541 3553 3564 3574 3583
2684 2676 2663 2664 2692 2720 2760 2799 2833 2868 2900 2938 2971 2992 2996 3006 3015 3020 3026 3031 3033 3031 3026 3016 2994 2946 2896 2851 2828 2851 2895 2940 2982 3012 3036 3057 3078 3097 3112 3124 3130 3136 3135 3128 3121 3117 3119 3142 3176 3195 3205 3217 3234 3248 3256 3268 3280 3291 3307 3333 3363 3388 3398 3404 3410 3421 3430 3434 3435 3439 3459 3469 3476 3487 3497 3507 3520 3531 3543 3553 3564 3575 3585 3593
2728 2731 2722 2701 2699 2706 2763 2809 2845 2882 2920 2962 2995 3015 3023 3034 3042 3046 3052 3055 3057 3057 3050 3034 3010 2967 2917 2874 2846 2880 2922 2969 3008 3034 3059 3082 3105 3119 3133 3147 3157 3161 3164 3163 3160 3158 3163 3177 3195 3207 3207 3205 3212 3221 3233 3247 3265 3283 3301 3328 3359 3386 3401 3416 3430 3434 3447 3458 3463 3468 3480 3489 3497 3506 3513 3522 3532 3544 3555 3567 3578 3588 3597 3607
2783 2789 2785 2760 2738 2742 2791 2831 2866 2901 2947 2990 3018 3037 3052 3062 3070 3072 3079 3081 3083 3082 3071 3051 3021 2980 2926 2883 2866 2891 2949 2999 3029 3057 3081 3104 3123 3140 3155 3170 3182 3187 3193 3198 3198 3199 3206 3214 3221 3231 3233 3224 3225 3232 3246 3259 3275 3294 3313 3339 3365 3391 3413 3431 3443 3456 3464 3476 3485 3492 3500 3509 3518 3526 3532 3539 3547 3557 3567 3578 3591 3602 3613 3626
2832 2841 2829 2804 2794 2791 2807 2847 2884 2924 2970 3012 3038 3060 3077 3090 3099 3099 3105 3107 3108 3105 3092 3066 3033 2991 2934 2896 2885 2903 2968 3016 3046 3076 3103 3122 3140 3159 3175 3190 3205 3215 3222 3230 3233 3235 3242 3252 3256 3263 3270 3267 3268 3274 3285 3293 3299 3311 3330 3357 3383 3406 3425 3445 3460 3470 3481 3491 3501 3513 3521 3529 3538 3546 3550 3556 3562 3571 3581 3590 3601 3620 3636 3649
2876 2891 2871 2830 2799 2799 2832 2873 2910 2948 2988 3024 3057 3084 3102 3116 3126 3127 3132 3133 3133 3126 3111 3087 3050 3003 2954 2911 2898 2926 2993 3030 3062 3093 3117 3140 3159 3177 3194 3213 3231 3244 3250 3259 3267 3272 3279 3288 3293 3295 3305 3307 3308 3313 3321 3327 3330 3335 3350 3374 3402 3424 3442 3460 3476 3488 3496 3509 3522 3535 3543 3549 3558 3567 3570 3574 3579 3585 3595 3608 3621 3640 3660 3671
2904 2901 2899 2860 2806 2815 2857 2898 2934 2973 3011 3050 3086 3109 3126 3141 3152 3157 3159 3159 3156 3147 3129 3107 3064 3015 2969 2919 2906 2949 3004 3043 3079 3108 3130 3154 3176 3195 3217 3238 3256 3272 3279 3288 3300 3307 3316 3325 3336 3340 3351 3358 3358 3362 3362 3363 3366 3364 3373 3391 3419 3445 3463 3479 3495 3509 3519 3532 3545 3557 3565 3571 3578 3588 3590 3592 3597 3603 3619 3635 3654 3663 3680 3688
2930 2921 2906 2871 2812 2824 2877 2918 2952 2989 3030 3071 3107 3130 3148 3165 3178 3186 3187 3185 3179 3168 3149 3124 3084 3034 2979 2921 2919 2969 3013 3049 3090 3119 3142 3165 3189 3217 3242 3263 3281 3298 3308 3317 3332 3343 3353 3361 3375 3386 3396 3405 3406 3407 3403 3400 3400 3394 3399 3417 3445 3473 3487 3502 3517 3532 3545 3556 3568 3580 3588 3593 3598 3609 3615 3619 3630 3643 3652 3667 3678 3689 3692 3696
2962 2954 2925 2879 2825 2846 2903 2937 2972 3007 3050 3092 3122 3148 3170 3188 3202 3208 3208 3206 3201 3190 3172 3144 3107 3034 2976 2935 2939 2986 3022 3059 3097 3123 3149 3175 3199 3235 3266 3291 3307 3323 3337 3347 3363 3377 3390 3399 3409 3421 3429 3439 3443 3444 3438 3435 3426 3422 3430 3449 3476 3501 3514 3526 3541 3554 3568 3582 3592 3602 3610 3616 3623 3634 3647 3659 3666 3685 3689 3694 3695 3695 3695 3697
2993 2986 2939 2886 2844 2874 2917 2953 2989 3031 3074 3111 3138 3164 3189 3206 3216 3223 3225 3223 3218 3211 3201 3171 3131 3069 2994 2955 2957 2998 3035 3081 3113 3135 3162 3188 3224 3258 3290 3315 3333 3347 3361 3376 3391 3406 3417 3426 3436 3449 3460 3471 3479 3479 3473 3462 3451 3450 3462 3482 3504 3522 3539 3551 3566 3578 3591 3604 3612 3621 3632 3638 3648 3660 3674 3685 3692 3692 3680 3675 3675 3672 3675 3680
3014 3001 2955 2898 2868 2895 2930 2966 3003 3052 3097 3129 3157 3182 3204 3218 3229 3238 3241 3240 3235 3228 3218 3205 3164 3105 3023 2983 2983 3013 3053 3096 3125 3150 3176 3204 3254 3290 3314 3336 3358 3374 3386 3400 3413 3427 3438 3449 3462 3476 3490 3501 3501 3500 3500 3484 3478 3477 3489 3508 3525 3542 3559 3575 3590 3602 3608 3618 3629 3636 3656 3662 3668 3681 3692 3688 3683 3660 3639 3638 3639 3642 3646 3645
3042 3017 2970 2907 2895 2908 2944 2979 3023 3077 3116 3149 3179 3202 3216 3230 3243 3252 3258 3257 3253 3247 3237 3221 3202 3140 3063 3009 3009 3032 3075 3110 3137 3164 3190 3234 3288 3317 3337 3358 3380 3399 3410 3419 3433 3447 3460 3469 3485 3500 3509 3512 3512 3509 3506 3503 3497 3498 3510 3529 3545 3562 3580 3597 3607 3616 3626 3637 3643 3654 3676 3683 3685 3689 3679 3664 3650 3625 3603 3602 3606 3610 3615 3618
3077 3044 2984 2930 2903 2918 2961 2997 3045 3098 3134 3167 3199 3217 3231 3244 3256 3267 3273 3275 3271 3266 3255 3238 3220 3194 3091 3057 3049 3063 3096 3126 3153 3180 3216 3272 3313 3338 3362 3382 3402 3417 3430 3440 3452 3467 3482 3490 3503 3516 3524 3526 3526 3523 3519 3518 3509 3519 3533 3550 3566 3583 3600 3609 3621 3633 3645 3655 3670 3669 3683 3688 3684 3675 3661 3644 3623 3602 3599 3597 3594 3593 3594 3596
3115 3069 2997 2964 2947 2957 2987 3022 3068 3113 3149 3184 3211 3232 3248 3260 3271 3281 3289 3292 3290 3286 3274 3258 3240 3213 3113 3091 3089 3094 3108 3139 3170 3199 3264 3306 3333 3359 3384 3405 3420 3434 3448 3460 3471 3485 3501 3510 3520 3534 3540 3542 3541 3538 3536 3535 3531 3542 3558 3573 3589 3601 3610 3620 3632 3648 3662 3672 3681 3687 3688 3685 3676 3656 3644 3625 3606 3598 3592 3588 3584 3582 3582 3583
