src/main/resources/dem3.txt
ncols         205
nrows         204
xllcorner     0
yllcorner     0
cellsize      2
NODATA_value  9999
[rows 114 to 151 of 204, columns 84 to 167 of 205]
3326 3339 3351 3363 3374 3386 3396 3413 3438 3450 3457 3458 3451 3435 3412 3391 3368 3346 3323 3302 3272 3240 3207 3183 3161 3144 3127 3110 3085 3049 3011 2978 2948 2918 2881 2830 2789 2761 2734 2706 2671 2631 2602 2597 2590 2580 2573 2567 2582 2600 2622 2643 2657 2666 2668 2668 2674 2685 2694 2700 2724 2795 2828 2858 2889 2918 2947 2975 3001 3022 3035 3030 3010 2987 2954 2920 2893 2870 2849 2833 2827 2829 2835 2839
3328 3340 3353 3365 3377 3389 3400 3424 3453 3471 3472 3469 3459 3442 3421 3401 3380 3358 3335 3312 3285 3250 3214 3188 3170 3152 3134 3116 3100 3062 3021 2985 2957 2928 2899 2847 2801 2773 2747 2719 2687 2645 2614 2593 2571 2551 2543 2538 2555 2579 2600 2613 2625 2635 2633 2636 2648 2665 2682 2697 2749 2802 2831 2860 2888 2915 2943 2970 2997 3013 3023 3015 3000 2973 2942 2910 2883 2855 2829 2808 2800 2800 2802 2808
3330 3342 3355 3367 3380 3392 3415 3447 3473 3485 3482 3472 3459 3445 3426 3406 3387 3364 3340 3318 3294 3258 3223 3193 3175 3158 3140 3124 3107 3076 3032 2992 2964 2935 2906 2862 2822 2791 2761 2728 2695 2662 2630 2598 2571 2547 2530 2521 2527 2548 2575 2584 2595 2602 2600 2608 2623 2646 2674 2702 2754 2802 2830 2856 2882 2908 2933 2958 2984 3003 3010 3004 2989 2966 2939 2911 2884 2854 2825 2798 2799 2790 2779 2778
3330 3343 3356 3368 3381 3394 3459 3487 3489 3489 3481 3463 3444 3432 3416 3400 3382 3361 3339 3318 3299 3268 3232 3198 3181 3163 3144 3126 3108 3077 3038 2998 2969 2940 2911 2878 2843 2802 2769 2737 2707 2676 2646 2616 2590 2567 2536 2516 2509 2519 2545 2553 2563 2569 2570 2583 2608 2638 2674 2710 2754 2793 2820 2844 2868 2892 2916 2941 2965 2986 2999 3000 2986 2965 2939 2912 2884 2855 2826 2800 2792 2773 2755 2747
3333 3346 3359 3371 3383 3396 3472 3489 3480 3474 3460 3444 3423 3411 3398 3384 3370 3354 3336 3317 3300 3270 3231 3198 3180 3163 3145 3126 3108 3076 3032 2993 2967 2943 2920 2895 2855 2812 2780 2751 2722 2700 2675 2647 2615 2587 2558 2528 2509 2504 2517 2523 2530 2535 2539 2563 2598 2633 2670 2702 2739 2774 2803 2826 2850 2874 2897 2920 2942 2963 2978 2989 2986 2972 2946 2916 2885 2856 2828 2798 2778 2752 2729 2718
3338 3351 3364 3376 3387 3398 3431 3456 3443 3433 3422 3414 3403 3388 3374 3364 3352 3341 3327 3311 3291 3258 3223 3194 3177 3160 3143 3126 3108 3078 3033 2993 2970 2947 2924 2900 2864 2828 2794 2768 2742 2723 2706 2682 2652 2610 2584 2556 2527 2503 2497 2497 2498 2502 2512 2545 2588 2623 2655 2686 2717 2750 2779 2807 2831 2854 2876 2897 2919 2937 2954 2967 2980 2975 2956 2917 2884 2854 2823 2793 2767 2740 2712 2700
3340 3354 3368 3380 3391 3400 3403 3410 3406 3398 3389 3382 3371 3358 3347 3341 3331 3320 3312 3300 3275 3247 3215 3191 3174 3158 3141 3125 3108 3078 3033 2994 2970 2947 2924 2900 2865 2828 2800 2784 2764 2750 2733 2713 2691 2651 2610 2582 2548 2510 2488 2477 2475 2477 2493 2522 2567 2609 2639 2668 2696 2725 2754 2784 2810 2831 2853 2875 2895 2913 2927 2941 2961 2967 2955 2917 2885 2852 2819 2789 2760 2732 2705 2699
3350 3365 3378 3389 3396 3397 3390 3381 3369 3357 3349 3345 3336 3325 3317 3315 3309 3300 3286 3275 3256 3231 3203 3186 3169 3153 3137 3121 3104 3073 3033 2996 2973 2949 2925 2901 2870 2841 2819 2803 2792 2778 2761 2740 2714 2680 2642 2606 2572 2522 2492 2471 2456 2453 2472 2497 2540 2586 2620 2649 2675 2700 2729 2758 2785 2809 2830 2851 2871 2889 2903 2916 2935 2946 2941 2914 2885 2850 2815 2784 2756 2729 2701 2688
3364 3379 3390 3396 3396 3386 3367 3353 3334 3316 3309 3307 3301 3292 3284 3283 3275 3264 3253 3245 3228 3210 3192 3176 3161 3146 3130 3114 3097 3068 3036 3003 2978 2953 2928 2906 2887 2870 2854 2842 2829 2809 2788 2761 2732 2703 2667 2633 2596 2551 2507 2481 2453 2439 2446 2478 2511 2557 2601 2629 2655 2679 2704 2732 2760 2785 2807 2828 2847 2864 2879 2893 2906 2921 2921 2903 2876 2844 2809 2778 2751 2724 2697 2668
3374 3389 3396 3398 3388 3365 3342 3325 3304 3284 3275 3270 3265 3256 3247 3243 3235 3224 3217 3213 3199 3188 3177 3164 3150 3136 3121 3106 3088 3064 3038 3010 2988 2971 2953 2935 2917 2903 2891 2884 2870 2849 2813 2782 2753 2723 2691 2656 2620 2580 2535 2495 2465 2435 2428 2452 2488 2526 2571 2611 2637 2661 2686 2713 2738 2761 2784 2806 2824 2842 2857 2871 2885 2896 2900 2885 2859 2830 2801 2774 2743 2715 2686 2652
3376 3391 3396 3392 3372 3345 3321 3302 3280 3259 3243 3234 3228 3220 3212 3204 3196 3189 3185 3184 3174 3166 3157 3147 3136 3124 3111 3095 3077 3057 3035 3010 2997 2993 2988 2976 2956 2938 2921 2913 2904 2883 2846 2802 2771 2741 2711 2681 2647 2607 2564 2519 2485 2442 2419 2425 2461 2493 2536 2588 2619 2644 2670 2692 2714 2737 2759 2782 2804 2822 2836 2850 2864 2875 2878 2865 2840 2812 2787 2763 2738 2708 2676 2642
3376 3391 3393 3385 3363 3335 3309 3284 3259 3236 3215 3202 3192 3185 3178 3172 3165 3160 3156 3155 3147 3142 3135 3128 3119 3108 3098 3081 3063 3047 3029 3007 2997 2994 2993 2986 2978 2967 2950 2937 2920 2904 2874 2828 2791 2762 2733 2706 2673 2633 2593 2545 2498 2460 2420 2411 2430 2468 2503 2554 2603 2629 2652 2671 2691 2713 2736 2758 2780 2801 2816 2830 2844 2855 2856 2847 2823 2797 2771 2749 2726 2701 2671 2637
3371 3388 3391 3384 3361 3332 3308 3276 3242 3215 3190 3171 3158 3150 3145 3142 3133 3130 3129 3126 3119 3117 3111 3106 3099 3087 3075 3062 3046 3032 3017 2998 2983 2972 2965 2960 2957 2957 2950 2936 2919 2902 2877 2842 2809 2779 2751 2722 2691 2651 2612 2566 2519 2476 2432 2407 2409 2444 2482 2515 2571 2612 2631 2649 2669 2690 2710 2731 2751 2771 2794 2811 2823 2832 2833 2827 2809 2781 2755 2731 2710 2685 2657 2627
3365 3385 3389 3381 3361 3333 3309 3273 3226 3194 3166 3141 3126 3116 3111 3110 3102 3100 3100 3096 3088 3088 3083 3077 3071 3061 3051 3039 3026 3013 3001 2982 2963 2942 2922 2914 2916 2921 2920 2913 2902 2896 2880 2851 2820 2791 2763 2734 2705 2668 2630 2593 2543 2495 2456 2415 2402 2429 2458 2485 2531 2579 2607 2627 2647 2667 2685 2702 2720 2740 2762 2784 2803 2809 2811 2807 2796 2768 2736 2712 2689 2665 2637 2610
3351 3371 3386 3375 3355 3329 3306 3263 3213 3176 3144 3115 3097 3085 3077 3076 3068 3063 3060 3053 3050 3052 3049 3045 3041 3032 3024 3014 3003 2992 2977 2961 2941 2921 2901 2882 2881 2888 2889 2885 2883 2890 2888 2875 2842 2804 2775 2746 2717 2689 2653 2617 2574 2523 2478 2429 2398 2411 2435 2464 2496 2539 2575 2605 2625 2644 2660 2675 2690 2707 2725 2743 2762 2774 2783 2794 2794 2759 2720 2694 2669 2643 2616 2593
3346 3367 3383 3366 3344 3322 3302 3252 3198 3165 3132 3100 3074 3057 3045 3039 3032 3025 3019 3008 3014 3015 3013 3012 3010 3003 2996 2987 2977 2967 2952 2936 2919 2900 2879 2856 2844 2847 2849 2846 2848 2862 2879 2877 2853 2813 2783 2756 2731 2707 2676 2641 2604 2553 2505 2448 2398 2399 2410 2440 2474 2510 2544 2575 2602 2619 2634 2649 2664 2678 2689 2699 2715 2731 2751 2788 2795 2763 2717 2684 2653 2625 2599 2584
3341 3363 3380 3363 3342 3319 3298 3243 3193 3158 3124 3090 3060 3034 3016 3005 2996 2986 2977 2968 2973 2974 2972 2973 2974 2967 2962 2956 2949 2943 2928 2910 2895 2876 2854 2831 2810 2807 2808 2806 2812 2827 2849 2863 2851 2819 2793 2769 2743 2718 2699 2661 2621 2577 2528 2476 2418 2397 2391 2414 2448 2481 2514 2543 2570 2591 2607 2623 2637 2648 2658 2671 2689 2700 2733 2780 2791 2767 2721 2688 2656 2623 2599 2586
3337 3358 3376 3360 3338 3316 3290 3241 3194 3157 3120 3083 3046 3014 2991 2973 2957 2944 2935 2929 2930 2929 2927 2930 2934 2930 2927 2924 2921 2918 2907 2889 2871 2854 2831 2808 2788 2775 2774 2775 2783 2798 2813 2830 2835 2815 2794 2770 2745 2721 2703 2679 2634 2589 2544 2501 2446 2395 2366 2388 2420 2453 2483 2512 2538 2559 2576 2595 2607 2617 2627 2647 2671 2694 2724 2768 2785 2770 2728 2696 2664 2635 2612 2590
3332 3353 3372 3362 3337 3312 3281 3234 3190 3156 3121 3083 3040 3000 2970 2945 2923 2906 2895 2892 2891 2891 2889 2893 2896 2895 2894 2893 2893 2891 2884 2870 2851 2833 2812 2789 2767 2748 2741 2743 2755 2773 2787 2800 2807 2801 2783 2761 2739 2717 2702 2684 2644 2602 2560 2518 2470 2414 2361 2349 2391 2422 2452 2480 2506 2526 2540 2555 2570 2585 2604 2629 2657 2688 2719 2759 2777 2766 2733 2702 2674 2648 2625 2605
3331 3358 3367 3362 3340 3313 3282 3231 3187 3154 3121 3083 3038 2995 2962 2929 2899 2882 2870 2864 2865 2864 2863 2867 2869 2868 2867 2866 2866 2864 2859 2847 2832 2814 2797 2778 2752 2724 2711 2713 2732 2748 2762 2775 2780 2775 2761 2741 2721 2709 2699 2676 2642 2606 2569 2533 2494 2435 2384 2331 2342 2388 2418 2446 2470 2488 2503 2515 2535 2560 2589 2619 2652 2687 2715 2748 2765 2760 2731 2703 2678 2656 2635 2615
3330 3354 3363 3356 3335 3310 3278 3230 3188 3155 3122 3085 3040 2996 2960 2923 2891 2865 2846 2835 2837 2837 2837 2841 2842 2841 2840 2839 2839 2838 2833 2823 2810 2795 2788 2784 2752 2713 2699 2698 2708 2723 2736 2749 2751 2744 2732 2718 2701 2685 2667 2651 2629 2605 2571 2534 2496 2446 2404 2348 2315 2337 2382 2406 2421 2449 2470 2490 2515 2548 2583 2617 2651 2685 2710 2736 2751 2749 2729 2703 2683 2663 2642 2622
3327 3351 3358 3351 3328 3306 3272 3229 3189 3155 3121 3084 3039 2996 2959 2925 2891 2859 2829 2811 2809 2810 2811 2816 2815 2814 2814 2813 2812 2812 2807 2797 2780 2766 2770 2781 2768 2719 2695 2686 2683 2697 2712 2722 2722 2716 2707 2697 2675 2651 2631 2616 2607 2577 2548 2522 2490 2454 2417 2375 2317 2316 2354 2374 2392 2421 2450 2477 2511 2552 2593 2624 2654 2680 2700 2714 2729 2734 2722 2700 2684 2666 2647 2629
3323 3345 3353 3346 3324 3303 3267 3228 3190 3153 3116 3078 3039 3006 2972 2931 2890 2857 2824 2797 2796 2785 2779 2785 2784 2782 2779 2777 2776 2775 2767 2756 2742 2730 2727 2750 2759 2721 2685 2661 2647 2658 2679 2695 2701 2702 2700 2684 2657 2627 2604 2576 2559 2535 2506 2494 2479 2456 2426 2394 2343 2311 2325 2344 2374 2408 2450 2486 2522 2565 2606 2647 2676 2689 2691 2697 2707 2714 2706 2695 2681 2665 2648 2630
3317 3339 3347 3341 3319 3300 3261 3222 3186 3152 3117 3081 3048 3014 2978 2933 2891 2857 2823 2799 2785 2765 2747 2743 2745 2743 2737 2732 2732 2731 2723 2712 2702 2693 2691 2703 2721 2709 2678 2638 2614 2617 2633 2656 2675 2687 2687 2680 2653 2619 2592 2549 2509 2499 2487 2467 2456 2442 2422 2395 2348 2305 2303 2326 2362 2400 2468 2510 2542 2582 2618 2660 2681 2682 2666 2661 2680 2692 2695 2693 2679 2662 2646 2629
3311 3332 3342 3336 3317 3300 3260 3220 3183 3150 3118 3083 3046 3009 2972 2932 2892 2859 2825 2796 2775 2747 2723 2708 2711 2706 2697 2692 2690 2689 2680 2669 2660 2652 2652 2668 2688 2694 2667 2622 2600 2600 2600 2623 2642 2657 2667 2680 2669 2637 2601 2564 2527 2496 2473 2443 2423 2420 2406 2375 2325 2298 2298 2320 2370 2422 2487 2527 2561 2597 2628 2655 2654 2639 2622 2619 2645 2662 2682 2692 2681 2661 2642 2626
3306 3323 3335 3332 3316 3300 3261 3221 3183 3148 3114 3082 3050 3018 2980 2935 2893 2862 2831 2800 2774 2744 2717 2699 2691 2677 2667 2662 2658 2650 2640 2626 2617 2611 2616 2638 2664 2682 2669 2622 2599 2594 2591 2593 2612 2629 2645 2670 2676 2655 2609 2573 2536 2497 2464 2427 2400 2396 2368 2335 2298 2286 2292 2326 2386 2441 2501 2535 2568 2599 2623 2632 2620 2602 2595 2598 2617 2640 2669 2688 2685 2668 2643 2621
3300 3314 3327 3327 3314 3300 3259 3214 3177 3144 3110 3077 3044 3012 2973 2928 2889 2861 2832 2802 2776 2749 2721 2694 2671 2649 2629 2632 2627 2617 2603 2589 2579 2572 2587 2611 2633 2668 2678 2640 2594 2575 2558 2560 2580 2605 2623 2652 2665 2655 2617 2582 2545 2508 2469 2423 2391 2361 2324 2297 2282 2275 2291 2335 2400 2457 2506 2537 2567 2595 2607 2602 2588 2575 2573 2583 2600 2626 2659 2683 2685 2673 2648 2621
3294 3306 3318 3321 3313 3300 3259 3215 3178 3144 3111 3078 3045 3011 2971 2926 2887 2857 2828 2799 2775 2748 2722 2696 2663 2630 2605 2600 2600 2593 2577 2558 2541 2531 2541 2574 2604 2642 2666 2637 2592 2548 2520 2520 2539 2567 2594 2612 2632 2642 2618 2587 2554 2522 2486 2437 2396 2353 2303 2278 2261 2266 2291 2343 2410 2466 2510 2538 2565 2581 2585 2567 2548 2539 2546 2567 2596 2620 2651 2676 2680 2669 2642 2613
3287 3300 3309 3314 3308 3295 3255 3215 3177 3141 3106 3073 3042 3010 2972 2927 2888 2857 2826 2798 2777 2752 2726 2701 2671 2636 2605 2600 2598 2590 2565 2537 2513 2498 2500 2528 2562 2603 2633 2635 2603 2545 2498 2494 2496 2521 2552 2581 2605 2618 2612 2590 2561 2530 2503 2461 2416 2360 2296 2266 2250 2264 2292 2350 2419 2469 2508 2529 2547 2556 2559 2537 2510 2508 2525 2555 2589 2614 2638 2661 2669 2652 2629 2605
3278 3292 3301 3306 3304 3291 3254 3215 3177 3138 3100 3068 3036 3004 2966 2926 2889 2857 2824 2800 2789 2768 2743 2719 2694 2663 2627 2600 2599 2593 2565 2531 2505 2482 2474 2489 2516 2559 2601 2614 2601 2558 2503 2475 2459 2487 2518 2546 2572 2594 2600 2592 2573 2544 2515 2480 2434 2379 2298 2265 2242 2258 2295 2356 2415 2463 2503 2515 2524 2529 2531 2516 2499 2500 2520 2554 2583 2609 2632 2653 2655 2636 2614 2590
3269 3282 3294 3304 3300 3281 3247 3213 3175 3132 3094 3064 3034 3005 2966 2924 2890 2866 2840 2819 2804 2787 2766 2744 2721 2696 2665 2634 2606 2597 2570 2543 2514 2483 2451 2449 2480 2517 2564 2591 2584 2556 2514 2478 2435 2445 2482 2510 2537 2563 2583 2590 2583 2562 2526 2492 2445 2396 2326 2277 2234 2253 2300 2360 2413 2456 2497 2502 2505 2508 2508 2498 2501 2500 2523 2552 2578 2601 2623 2643 2640 2622 2602 2570
3262 3277 3290 3301 3290 3270 3238 3206 3168 3128 3092 3064 3037 3009 2975 2937 2910 2887 2863 2844 2825 2808 2792 2773 2748 2719 2689 2659 2632 2602 2576 2548 2519 2490 2443 2423 2442 2485 2521 2548 2553 2531 2509 2491 2429 2417 2444 2476 2507 2534 2557 2585 2589 2572 2535 2501 2455 2408 2344 2284 2229 2244 2302 2356 2400 2437 2470 2491 2499 2500 2466 2471 2494 2500 2526 2549 2571 2592 2612 2628 2625 2609 2586 2551
3260 3278 3290 3297 3284 3262 3237 3212 3178 3137 3100 3074 3047 3020 2990 2959 2931 2907 2885 2864 2842 2822 2806 2794 2765 2733 2701 2670 2639 2607 2580 2552 2525 2498 2451 2412 2416 2454 2490 2514 2521 2511 2502 2500 2458 2416 2415 2439 2474 2508 2533 2570 2584 2577 2542 2508 2470 2421 2359 2293 2230 2233 2300 2342 2378 2405 2429 2431 2412 2399 2403 2434 2479 2504 2526 2547 2567 2586 2601 2614 2612 2600 2570 2537
3262 3281 3291 3293 3281 3258 3231 3209 3181 3148 3119 3090 3063 3036 3003 2972 2947 2924 2901 2877 2855 2835 2816 2800 2768 2734 2700 2670 2639 2609 2581 2556 2530 2505 2464 2410 2402 2423 2462 2490 2502 2502 2500 2500 2470 2417 2400 2402 2431 2473 2511 2542 2569 2570 2551 2519 2488 2434 2375 2306 2235 2223 2294 2327 2354 2373 2370 2373 2387 2394 2399 2436 2476 2504 2523 2541 2558 2573 2588 2600 2600 2581 2552 2518
3263 3281 3290 3291 3280 3258 3232 3210 3197 3170 3140 3112 3085 3051 3013 2982 2957 2933 2909 2886 2863 2841 2819 2796 2765 2733 2701 2669 2637 2605 2579 2554 2529 2505 2459 2409 2398 2400 2433 2461 2483 2497 2496 2480 2446 2410 2400 2398 2399 2432 2483 2516 2545 2558 2550 2523 2500 2445 2387 2320 2251 2208 2257 2305 2324 2326 2311 2313 2339 2374 2401 2468 2514 2500 2516 2531 2545 2555 2568 2575 2573 2559 2536 2503
3258 3275 3285 3288 3279 3259 3239 3223 3209 3192 3162 3133 3102 3063 3023 2988 2963 2939 2914 2889 2863 2838 2814 2787 2755 2722 2690 2659 2627 2596 2570 2547 2523 2497 2455 2414 2393 2384 2404 2431 2452 2467 2471 2461 2443 2416 2399 2393 2390 2394 2431 2495 2518 2534 2536 2523 2501 2449 2389 2332 2272 2208 2216 2260 2293 2298 2299 2303 2338 2373 2413 2496 2555 2520 2507 2519 2527 2534 2543 2546 2542 2531 2512 2484
3249 3267 3281 3286 3280 3268 3252 3235 3218 3204 3179 3146 3114 3076 3028 2989 2962 2936 2910 2883 2854 2827 2803 2773 2742 2710 2677 2644 2613 2583 2556 2530 2509 2480 2437 2398 2373 2364 2380 2401 2421 2437 2445 2439 2427 2412 2391 2374 2371 2379 2390 2420 2481 2507 2512 2508 2490 2446 2392 2335 2275 2209 2201 2241 2271 2288 2298 2308 2347 2386 2435 2500 2513 2493 2494 2502 2506 2511 2517 2517 2511 2501 2482 2453
3247 3273 3284 3284 3280 3270 3255 3239 3222 3208 3187 3156 3126 3093 3035 2988 2958 2929 2902 2874 2845 2816 2785 2756 2726 2695 2661 2627 2596 2565 2535 2511 2483 2444 2409 2387 2358 2341 2352 2374 2395 2409 2420 2419 2412 2404 2389 2356 2330 2320 2341 2369 2393 2436 2466 2478 2461 2426 2379 2328 2276 2218 2194 2221 2246 2268 2288 2313 2350 2386 2419 2439 2458 2470 2471 2476 2479 2481 2486 2485 2478 2466 2445 2420
