src/main/resources/dem3.txt
ncols         205
nrows         204
xllcorner     0
yllcorner     0
cellsize      2
NODATA_value  9999
[rows 152 to 189 of 204, columns 84 to 167 of 205]
3250 3268 3281 3283 3277 3268 3255 3239 3222 3208 3189 3158 3128 3095 3037 2988 2954 2921 2890 2860 2833 2806 2771 2736 2707 2672 2637 2604 2579 2543 2515 2488 2456 2420 2397 2376 2345 2327 2322 2341 2361 2376 2398 2404 2401 2400 2389 2359 2322 2297 2299 2318 2341 2374 2403 2428 2424 2396 2360 2313 2265 2219 2194 2208 2235 2263 2288 2312 2349 2385 2404 2424 2440 2449 2449 2450 2449 2447 2449 2448 2443 2430 2407 2373
3245 3265 3279 3281 3274 3263 3251 3237 3222 3209 3189 3156 3124 3087 3035 2986 2948 2911 2876 2844 2814 2786 2753 2716 2681 2637 2600 2598 2572 2529 2498 2490 2462 2427 2398 2382 2356 2327 2314 2315 2324 2334 2354 2379 2400 2400 2389 2363 2332 2304 2286 2279 2295 2327 2356 2384 2380 2365 2332 2293 2243 2203 2196 2212 2258 2291 2299 2306 2342 2382 2401 2412 2424 2431 2426 2423 2420 2414 2412 2412 2410 2392 2357 2299
3244 3264 3278 3279 3271 3259 3245 3232 3220 3207 3188 3154 3120 3079 3024 2977 2937 2898 2858 2825 2794 2762 2732 2697 2665 2619 2600 2599 2590 2553 2519 2500 2482 2456 2428 2404 2382 2353 2330 2312 2302 2299 2311 2332 2351 2365 2363 2344 2322 2305 2284 2257 2255 2283 2306 2322 2328 2324 2303 2259 2214 2181 2181 2225 2283 2302 2311 2328 2358 2383 2398 2401 2409 2409 2403 2397 2382 2364 2357 2349 2345 2328 2297 2255
3246 3264 3276 3277 3269 3256 3241 3227 3215 3205 3182 3147 3112 3071 3023 2974 2926 2880 2825 2800 2779 2741 2709 2698 2680 2643 2614 2612 2613 2601 2579 2556 2522 2490 2462 2434 2406 2384 2359 2326 2304 2296 2289 2292 2299 2316 2330 2318 2307 2300 2299 2281 2234 2232 2247 2276 2289 2287 2269 2227 2185 2154 2180 2242 2302 2325 2342 2365 2385 2384 2379 2376 2377 2371 2357 2344 2323 2298 2294 2285 2272 2262 2220 2251
3249 3264 3274 3275 3268 3255 3239 3224 3211 3200 3169 3134 3099 3058 3016 2960 2904 2860 2808 2796 2778 2741 2711 2700 2700 2694 2670 2665 2657 2637 2621 2600 2559 2522 2491 2458 2430 2407 2381 2352 2324 2298 2279 2267 2273 2288 2304 2304 2301 2298 2300 2300 2251 2215 2219 2243 2256 2254 2236 2212 2164 2138 2187 2246 2302 2329 2351 2370 2376 2363 2348 2343 2334 2321 2306 2293 2273 2256 2245 2231 2208 2208 2229 2295
3248 3265 3272 3273 3267 3254 3238 3223 3209 3195 3158 3121 3084 3046 3008 2948 2890 2851 2814 2799 2786 2765 2744 2736 2730 2723 2712 2708 2692 2670 2647 2618 2584 2545 2507 2475 2445 2415 2386 2360 2334 2308 2285 2261 2251 2262 2281 2299 2299 2299 2300 2300 2279 2234 2210 2216 2225 2221 2210 2200 2156 2126 2185 2238 2284 2315 2332 2340 2338 2328 2316 2310 2295 2274 2259 2244 2226 2215 2203 2201 2201 2243 2290 2318
3247 3262 3269 3270 3264 3251 3234 3218 3206 3187 3152 3114 3077 3039 3001 2943 2899 2876 2849 2833 2815 2800 2787 2772 2761 2750 2741 2729 2714 2694 2665 2630 2592 2555 2517 2483 2452 2423 2393 2367 2340 2313 2289 2261 2241 2237 2252 2275 2290 2301 2300 2297 2279 2249 2218 2203 2203 2202 2201 2200 2160 2114 2161 2205 2251 2291 2303 2304 2300 2288 2276 2264 2247 2225 2214 2197 2187 2184 2195 2197 2236 2291 2320 2344
3241 3257 3265 3268 3259 3243 3226 3212 3202 3178 3142 3106 3069 3028 2992 2962 2936 2913 2895 2876 2855 2838 2822 2803 2788 2777 2763 2747 2728 2707 2677 2638 2600 2563 2525 2493 2462 2430 2396 2370 2344 2321 2299 2273 2239 2226 2228 2251 2259 2262 2268 2266 2256 2234 2211 2195 2196 2199 2200 2200 2180 2117 2112 2169 2210 2247 2255 2253 2247 2235 2224 2212 2199 2182 2169 2158 2153 2168 2196 2220 2265 2310 2339 2367
3231 3247 3258 3265 3261 3247 3227 3210 3199 3179 3141 3106 3074 3040 3016 2999 2988 2970 2942 2915 2893 2876 2854 2831 2813 2797 2779 2758 2735 2709 2678 2643 2608 2573 2539 2506 2471 2433 2396 2372 2348 2324 2300 2271 2236 2223 2215 2222 2216 2220 2226 2226 2228 2212 2194 2175 2169 2184 2200 2200 2196 2130 2100 2133 2177 2193 2197 2196 2195 2186 2175 2163 2155 2135 2121 2126 2143 2176 2208 2247 2287 2322 2351 2380
3220 3234 3247 3258 3261 3255 3238 3218 3204 3187 3155 3121 3093 3068 3045 3026 3019 3006 2980 2947 2924 2903 2877 2853 2826 2803 2786 2762 2735 2710 2680 2647 2614 2580 2547 2513 2476 2436 2397 2371 2345 2319 2294 2262 2241 2226 2218 2213 2205 2201 2199 2197 2199 2187 2168 2153 2141 2148 2178 2200 2200 2157 2100 2099 2117 2138 2146 2149 2151 2145 2128 2114 2111 2109 2114 2136 2167 2198 2230 2268 2303 2332 2361 2391
3210 3221 3236 3250 3257 3256 3245 3229 3213 3202 3178 3146 3119 3095 3070 3054 3038 3021 3001 2970 2943 2918 2891 2862 2831 2803 2781 2757 2734 2710 2681 2647 2614 2580 2547 2514 2475 2431 2392 2364 2337 2310 2287 2264 2251 2247 2242 2242 2226 2220 2210 2200 2198 2182 2167 2156 2139 2125 2134 2181 2203 2191 2129 2095 2081 2089 2095 2101 2106 2104 2095 2099 2105 2128 2146 2180 2203 2231 2264 2291 2313 2343 2372 2402
3199 3211 3226 3241 3250 3252 3247 3236 3219 3209 3200 3172 3143 3114 3089 3069 3049 3027 3005 2978 2949 2920 2891 2862 2833 2805 2780 2757 2733 2710 2679 2643 2608 2575 2542 2510 2466 2418 2382 2349 2326 2300 2285 2277 2278 2280 2278 2277 2270 2262 2254 2245 2235 2215 2197 2187 2171 2139 2114 2130 2168 2178 2130 2103 2092 2066 2060 2066 2074 2078 2089 2105 2134 2161 2187 2216 2249 2275 2296 2301 2319 2350 2383 2411
3195 3201 3213 3226 3239 3244 3243 3235 3225 3215 3205 3186 3155 3125 3098 3074 3051 3028 3005 2978 2950 2921 2893 2864 2835 2806 2779 2753 2729 2705 2673 2637 2602 2569 2537 2504 2452 2401 2368 2333 2305 2299 2298 2296 2300 2312 2314 2316 2312 2304 2305 2297 2288 2272 2251 2236 2207 2185 2129 2104 2121 2147 2114 2103 2100 2086 2054 2047 2057 2077 2104 2134 2163 2191 2222 2262 2294 2315 2330 2331 2342 2365 2393 2419
3190 3195 3202 3212 3223 3231 3233 3230 3225 3216 3205 3186 3158 3130 3102 3078 3054 3030 3006 2978 2948 2918 2890 2863 2834 2806 2778 2749 2721 2694 2663 2630 2596 2563 2531 2498 2440 2387 2352 2321 2306 2296 2314 2342 2352 2363 2372 2374 2368 2361 2346 2334 2325 2312 2300 2300 2260 2217 2170 2121 2104 2113 2104 2099 2100 2089 2050 2042 2066 2097 2129 2161 2191 2225 2262 2301 2329 2348 2365 2370 2374 2386 2406 2427
3184 3190 3195 3200 3208 3214 3216 3218 3216 3209 3201 3181 3157 3132 3107 3081 3055 3028 3002 2973 2943 2915 2885 2855 2829 2801 2773 2746 2717 2688 2655 2623 2590 2558 2525 2488 2431 2375 2322 2308 2330 2341 2367 2395 2407 2420 2423 2420 2414 2403 2382 2370 2354 2332 2318 2307 2286 2239 2194 2155 2113 2098 2098 2095 2087 2048 2031 2052 2090 2122 2156 2189 2221 2257 2297 2335 2364 2381 2397 2404 2405 2411 2423 2441
3179 3184 3188 3193 3197 3200 3204 3206 3204 3201 3191 3173 3151 3130 3107 3081 3053 3024 2997 2967 2940 2914 2885 2852 2819 2791 2764 2736 2709 2681 2650 2617 2585 2552 2520 2477 2415 2357 2317 2325 2367 2392 2432 2475 2490 2496 2466 2455 2440 2422 2406 2399 2374 2350 2334 2318 2299 2245 2193 2159 2125 2101 2095 2061 2044 2023 2041 2086 2117 2152 2186 2218 2252 2287 2328 2370 2400 2409 2422 2433 2438 2447 2455 2466
3172 3177 3181 3185 3189 3192 3195 3195 3194 3188 3177 3162 3143 3123 3103 3076 3048 3022 2995 2964 2933 2903 2875 2846 2814 2784 2756 2728 2700 2670 2641 2611 2579 2547 2515 2466 2401 2336 2341 2384 2427 2474 2501 2503 2500 2500 2496 2479 2459 2438 2419 2403 2383 2362 2342 2321 2300 2247 2195 2168 2142 2116 2088 2039 2016 2032 2076 2112 2147 2185 2215 2245 2280 2316 2359 2402 2416 2432 2448 2460 2470 2479 2487 2490
3165 3170 3174 3177 3181 3185 3185 3185 3182 3176 3166 3153 3138 3121 3101 3073 3044 3019 2994 2965 2934 2904 2873 2842 2809 2779 2750 2723 2695 2663 2631 2601 2567 2533 2503 2451 2388 2348 2380 2444 2498 2508 2513 2513 2502 2499 2504 2486 2465 2445 2427 2409 2389 2366 2343 2319 2290 2238 2193 2166 2140 2116 2085 2029 2013 2051 2100 2134 2166 2204 2237 2269 2302 2341 2382 2408 2426 2442 2455 2467 2476 2485 2490 2492
3158 3163 3166 3169 3174 3177 3177 3175 3171 3164 3155 3143 3129 3116 3101 3072 3040 3011 2982 2955 2926 2898 2869 2836 2803 2773 2742 2713 2683 2652 2620 2589 2556 2520 2472 2411 2376 2383 2438 2503 2515 2524 2528 2524 2505 2500 2492 2477 2462 2446 2429 2412 2392 2367 2342 2316 2280 2223 2185 2159 2132 2107 2067 2015 2014 2068 2112 2148 2182 2215 2248 2282 2317 2352 2384 2404 2420 2429 2441 2449 2458 2471 2476 2478
3151 3154 3157 3162 3166 3168 3168 3166 3162 3155 3146 3134 3122 3110 3097 3068 3040 3012 2982 2950 2918 2888 2858 2828 2797 2766 2738 2708 2675 2641 2609 2578 2547 2514 2466 2409 2402 2459 2505 2522 2535 2538 2535 2525 2505 2487 2474 2464 2451 2438 2425 2410 2391 2365 2339 2312 2268 2207 2174 2149 2124 2096 2044 2006 2020 2078 2120 2158 2194 2225 2256 2287 2317 2346 2371 2392 2403 2410 2413 2416 2423 2442 2448 2454
3144 3146 3149 3154 3157 3159 3159 3158 3154 3147 3138 3128 3118 3107 3092 3064 3036 3008 2978 2946 2914 2884 2855 2827 2798 2759 2726 2697 2666 2631 2597 2569 2539 2508 2478 2457 2476 2507 2526 2543 2546 2540 2526 2508 2484 2457 2449 2445 2437 2426 2415 2403 2382 2356 2330 2304 2253 2198 2167 2137 2111 2079 2025 2002 2025 2079 2121 2162 2200 2229 2258 2287 2313 2334 2356 2375 2385 2386 2384 2385 2394 2412 2423 2436
3135 3137 3141 3145 3148 3149 3152 3152 3148 3142 3133 3123 3113 3105 3087 3059 3030 3003 2972 2940 2908 2879 2851 2824 2795 2756 2715 2680 2649 2618 2587 2560 2532 2502 2496 2495 2509 2531 2550 2554 2545 2527 2508 2484 2448 2422 2420 2420 2420 2413 2404 2392 2370 2346 2320 2288 2231 2186 2155 2124 2095 2051 2006 1999 2024 2073 2116 2156 2194 2222 2250 2275 2298 2319 2341 2356 2360 2355 2342 2341 2359 2386 2407 2422
3127 3129 3133 3136 3138 3141 3145 3146 3143 3137 3128 3119 3110 3102 3083 3055 3027 2999 2967 2935 2903 2873 2844 2816 2786 2749 2710 2673 2639 2606 2572 2542 2516 2498 2500 2509 2534 2556 2562 2552 2531 2509 2485 2447 2411 2385 2379 2389 2397 2396 2386 2374 2357 2336 2310 2270 2218 2177 2143 2110 2067 2021 1999 2006 2037 2074 2107 2149 2189 2218 2242 2265 2287 2309 2326 2335 2336 2331 2307 2306 2323 2353 2385 2406
3118 3121 3125 3126 3129 3135 3139 3139 3137 3132 3125 3115 3107 3100 3078 3053 3027 3000 2966 2931 2897 2866 2835 2806 2773 2739 2704 2662 2624 2590 2541 2521 2508 2502 2512 2536 2563 2570 2561 2538 2511 2487 2450 2413 2374 2336 2323 2328 2346 2351 2351 2346 2338 2321 2301 2255 2204 2167 2133 2096 2035 1999 1999 2010 2036 2068 2098 2141 2185 2214 2237 2258 2279 2297 2310 2315 2315 2310 2299 2299 2300 2328 2358 2382
3110 3113 3115 3117 3122 3128 3132 3132 3130 3126 3119 3111 3104 3094 3070 3046 3022 2995 2961 2926 2892 2857 2826 2794 2757 2721 2685 2643 2604 2568 2531 2520 2527 2529 2546 2572 2578 2569 2543 2515 2489 2451 2415 2377 2340 2301 2275 2272 2295 2304 2311 2312 2309 2301 2270 2230 2188 2150 2115 2070 2008 1992 1991 2003 2032 2065 2098 2137 2176 2208 2228 2248 2267 2283 2299 2301 2301 2298 2286 2286 2291 2309 2337 2361
3102 3105 3106 3110 3115 3119 3121 3123 3123 3120 3115 3109 3103 3091 3067 3041 3017 2989 2955 2925 2893 2854 2815 2780 2743 2705 2665 2622 2590 2566 2555 2554 2568 2569 2583 2587 2575 2550 2518 2490 2449 2412 2379 2342 2304 2276 2244 2223 2228 2243 2254 2257 2255 2248 2231 2203 2169 2132 2095 2046 1997 1984 1983 1996 2022 2055 2087 2122 2159 2197 2218 2237 2255 2271 2287 2293 2286 2271 2256 2259 2275 2298 2321 2342
3096 3096 3098 3101 3103 3106 3110 3112 3111 3111 3108 3105 3100 3083 3062 3037 3012 2983 2948 2914 2881 2847 2809 2767 2729 2693 2656 2620 2598 2594 2599 2604 2599 2597 2594 2582 2551 2519 2492 2447 2407 2373 2340 2306 2284 2256 2224 2198 2200 2199 2199 2194 2193 2192 2189 2169 2141 2110 2075 2030 1994 1976 1974 1989 2009 2040 2071 2100 2138 2179 2209 2228 2245 2262 2268 2267 2254 2235 2223 2232 2257 2281 2302 2320
3089 3089 3091 3093 3094 3097 3099 3100 3100 3102 3100 3095 3087 3071 3053 3032 3008 2977 2942 2907 2872 2838 2802 2760 2716 2689 2666 2643 2629 2630 2636 2627 2610 2600 2594 2558 2520 2486 2429 2399 2380 2339 2304 2298 2281 2254 2224 2207 2200 2198 2184 2157 2154 2149 2144 2130 2111 2083 2053 2021 1991 1972 1964 1978 1997 2022 2050 2081 2118 2161 2202 2219 2232 2240 2243 2239 2222 2205 2200 2215 2241 2264 2283 2295
3081 3081 3083 3085 3086 3089 3092 3094 3094 3094 3090 3083 3071 3059 3043 3024 3004 2972 2936 2902 2863 2829 2797 2757 2712 2698 2688 2674 2672 2672 2668 2646 2620 2602 2570 2520 2489 2451 2403 2399 2381 2342 2306 2298 2287 2268 2248 2231 2209 2196 2167 2123 2112 2109 2100 2089 2076 2056 2027 1999 1981 1962 1956 1962 1980 1999 2030 2065 2101 2143 2184 2208 2215 2219 2219 2215 2200 2195 2196 2202 2226 2248 2264 2276
3074 3073 3075 3076 3078 3081 3084 3087 3088 3086 3085 3076 3062 3047 3033 3016 2994 2962 2930 2897 2857 2816 2796 2763 2728 2709 2699 2699 2700 2700 2689 2657 2621 2595 2540 2499 2489 2449 2411 2409 2405 2384 2351 2323 2304 2293 2273 2250 2227 2203 2164 2114 2097 2079 2063 2043 2031 2020 2003 1987 1972 1961 1951 1946 1957 1983 2010 2046 2084 2123 2160 2196 2202 2204 2204 2199 2183 2173 2173 2191 2215 2234 2249 2259
3066 3065 3066 3067 3070 3073 3077 3080 3081 3078 3078 3077 3060 3041 3023 3007 2984 2956 2928 2899 2865 2829 2800 2782 2763 2748 2737 2721 2706 2700 2699 2651 2605 2575 2530 2499 2496 2476 2451 2448 2432 2416 2402 2371 2345 2318 2291 2267 2242 2214 2178 2131 2096 2066 2039 2016 2009 2005 1999 1988 1986 1983 1962 1943 1940 1961 1989 2019 2059 2099 2135 2171 2200 2200 2198 2171 2137 2130 2148 2179 2205 2221 2233 2241
3058 3056 3058 3058 3061 3065 3069 3073 3075 3070 3072 3074 3070 3043 3022 3002 2978 2950 2921 2894 2870 2846 2825 2813 2802 2789 2770 2747 2723 2704 2684 2626 2597 2583 2548 2530 2517 2506 2494 2476 2456 2438 2420 2403 2374 2341 2308 2279 2250 2217 2181 2144 2108 2074 2042 2029 2033 2033 2023 2022 2020 2002 1985 1953 1933 1938 1964 1994 2031 2071 2107 2140 2166 2171 2155 2129 2101 2108 2139 2168 2192 2206 2215 2222
3049 3048 3048 3049 3053 3057 3062 3065 3068 3063 3067 3071 3070 3058 3028 3006 2981 2954 2924 2899 2885 2869 2862 2852 2837 2818 2795 2769 2739 2712 2676 2629 2599 2595 2579 2566 2555 2541 2516 2491 2472 2452 2432 2413 2389 2354 2320 2283 2245 2207 2177 2147 2116 2084 2059 2073 2085 2094 2098 2082 2062 2036 2002 1972 1937 1925 1937 1974 2004 2040 2076 2108 2127 2128 2113 2091 2093 2100 2126 2152 2171 2185 2195 2202
3041 3040 3039 3041 3045 3049 3054 3059 3061 3057 3061 3067 3068 3062 3044 3018 2994 2966 2937 2911 2903 2898 2899 2886 2865 2838 2810 2783 2751 2718 2688 2648 2608 2600 2600 2600 2589 2565 2528 2498 2478 2456 2435 2415 2399 2361 2321 2281 2237 2195 2164 2137 2113 2093 2089 2106 2126 2131 2132 2117 2097 2066 2027 1992 1956 1925 1921 1949 1980 2009 2046 2078 2091 2085 2068 2053 2063 2087 2113 2132 2148 2160 2167 2172
3032 3032 3030 3032 3036 3041 3047 3052 3054 3051 3056 3062 3064 3060 3050 3030 3008 2990 2964 2940 2913 2900 2900 2904 2876 2846 2815 2786 2757 2729 2702 2667 2624 2603 2599 2600 2600 2556 2511 2489 2471 2453 2433 2414 2397 2358 2316 2269 2216 2180 2135 2117 2105 2099 2114 2146 2169 2171 2163 2144 2121 2096 2058 2014 1976 1932 1916 1923 1951 1982 2014 2045 2055 2046 2013 2011 2032 2069 2100 2113 2126 2133 2137 2139
3024 3024 3022 3025 3029 3034 3041 3046 3047 3045 3051 3057 3060 3056 3047 3031 3014 3001 2985 2953 2920 2904 2900 2896 2868 2837 2807 2777 2748 2719 2693 2668 2637 2607 2599 2600 2560 2511 2489 2473 2458 2441 2425 2408 2380 2343 2303 2238 2187 2149 2117 2104 2103 2119 2149 2184 2200 2200 2188 2164 2139 2112 2074 2026 1986 1942 1913 1909 1917 1949 1986 2016 2019 2011 2000 1999 2017 2058 2089 2100 2106 2107 2108 2107
3016 3015 3014 3017 3022 3028 3035 3040 3042 3041 3045 3051 3053 3047 3029 3016 3005 2998 2981 2953 2922 2904 2900 2874 2847 2818 2789 2757 2728 2701 2677 2652 2630 2609 2599 2526 2490 2479 2468 2452 2439 2426 2411 2389 2350 2313 2270 2202 2162 2126 2113 2117 2138 2161 2190 2208 2210 2207 2201 2179 2147 2112 2067 2019 1980 1939 1923 1912 1906 1916 1949 1983 2000 1986 1983 1992 2018 2048 2065 2067 2062 2047 2025 2012
3008 3006 3007 3010 3015 3023 3030 3035 3037 3036 3040 3043 3035 3018 3004 2995 2984 2972 2963 2936 2912 2895 2870 2845 2820 2792 2761 2731 2704 2678 2655 2632 2610 2576 2499 2483 2468 2454 2445 2431 2416 2407 2386 2356 2317 2273 2219 2179 2142 2126 2132 2156 2179 2200 2215 2228 2229 2224 2213 2189 2147 2107 2045 1995 1963 1953 1957 1954 1939 1906 1904 1925 1951 1935 1950 1975 2010 2027 2036 2028 2009 1988 1972 1962
