src/main/resources/dem4.txt
ncols         205
nrows         204
xllcorner     0
yllcorner     0
cellsize      2
NODATA_value  9999
[rows 76 to 113 of 204, columns 84 to 167 of 205]
1990 1993 2033 2044 2050 2051 2052 2048 2045 2043 2042 2040 2036 2032 2034 2033 2032 2033 2030 2025 2020 2011 2002 1983 1955 1926 1892 1842 1779 1696 1687 1689 1698 1734 1763 1787 1797 1799 1848 1908 1939 1972 2005 2040 2071 2093 2107 2115 2116 2131 2161 2197 2232 2270 2281 2279 2282 2281 2282 2278 2268 2245 2219 2177 2113 2065 2024 1987 1944 1901 1843 1831 1877 1914 1942 1968 1993 2015 2035 2044 2051 2046 2029 2012
2067 2090 2103 2104 2105 2106 2102 2097 2089 2083 2080 2074 2065 2058 2058 2055 2052 2050 2046 2040 2031 2021 2009 1992 1960 1926 1889 1843 1783 1696 1684 1683 1694 1708 1731 1758 1782 1799 1860 1912 1941 1968 2003 2025 2045 2062 2074 2089 2097 2100 2147 2201 2236 2255 2233 2231 2230 2232 2238 2239 2236 2223 2202 2168 2127 2081 2041 2000 1955 1911 1853 1815 1834 1885 1917 1943 1967 1992 2011 2023 2028 2022 2004 1986
2118 2129 2137 2141 2140 2141 2134 2127 2120 2114 2109 2102 2093 2084 2082 2077 2070 2067 2061 2052 2041 2028 2014 1996 1960 1923 1884 1843 1788 1695 1681 1680 1690 1699 1721 1748 1775 1795 1857 1902 1927 1950 1974 2004 2015 2018 2036 2065 2090 2109 2167 2211 2246 2241 2201 2196 2187 2185 2194 2201 2201 2193 2179 2158 2126 2092 2052 2011 1969 1921 1871 1814 1810 1850 1892 1918 1941 1968 1988 2001 2005 1999 1986 1969
2147 2158 2172 2175 2172 2170 2164 2157 2150 2142 2132 2122 2112 2106 2103 2096 2087 2082 2073 2062 2048 2031 2014 1997 1961 1925 1883 1831 1760 1694 1679 1680 1694 1714 1735 1761 1784 1799 1824 1871 1894 1904 1907 1952 1992 1999 2016 2052 2087 2128 2177 2216 2247 2243 2209 2185 2152 2134 2139 2158 2152 2153 2148 2139 2119 2095 2061 2025 1985 1933 1884 1828 1806 1822 1853 1889 1918 1946 1966 1988 1997 1993 1973 1954
2177 2180 2187 2186 2176 2170 2165 2161 2156 2151 2145 2138 2130 2122 2112 2103 2099 2094 2083 2068 2051 2034 2019 2002 1968 1928 1883 1820 1744 1691 1673 1676 1696 1726 1760 1786 1798 1802 1812 1815 1833 1861 1898 1931 1985 2000 2021 2065 2103 2146 2196 2226 2253 2255 2227 2202 2168 2123 2112 2116 2106 2103 2110 2113 2101 2079 2050 2019 1986 1939 1895 1853 1810 1800 1816 1855 1899 1924 1944 1979 1993 1988 1965 1938
2200 2196 2191 2173 2148 2142 2139 2136 2135 2136 2140 2139 2134 2125 2112 2103 2100 2100 2089 2073 2056 2039 2021 2004 1966 1924 1874 1813 1739 1690 1670 1674 1696 1729 1770 1804 1823 1838 1840 1852 1869 1903 1925 1966 1999 2020 2044 2092 2130 2167 2208 2233 2259 2272 2255 2230 2199 2161 2133 2104 2093 2084 2074 2069 2053 2045 2030 2008 1985 1945 1904 1863 1819 1795 1792 1815 1861 1901 1924 1959 1976 1972 1953 1927
2208 2199 2181 2142 2113 2105 2106 2105 2105 2112 2119 2124 2124 2120 2108 2101 2100 2100 2097 2082 2064 2044 2023 2004 1963 1917 1866 1813 1735 1688 1666 1673 1697 1734 1778 1813 1839 1862 1879 1896 1914 1937 1965 2000 2022 2045 2071 2107 2147 2186 2219 2248 2274 2289 2285 2262 2231 2194 2159 2120 2093 2073 2045 2020 2004 1999 2004 1995 1974 1943 1909 1870 1829 1793 1768 1782 1817 1862 1903 1931 1948 1951 1934 1914
2228 2209 2168 2110 2084 2064 2059 2055 2058 2078 2100 2103 2105 2106 2103 2100 2100 2100 2094 2082 2066 2047 2027 2006 1966 1914 1859 1803 1731 1687 1666 1676 1699 1739 1778 1816 1849 1877 1900 1920 1937 1962 1993 2020 2043 2066 2091 2124 2162 2200 2230 2262 2289 2302 2305 2297 2268 2228 2188 2147 2104 2077 2042 2007 2000 2000 1996 1975 1951 1925 1904 1873 1835 1798 1757 1748 1788 1827 1871 1901 1916 1924 1916 1900
2239 2214 2165 2095 2057 2026 2007 1999 1998 2003 2019 2035 2051 2068 2084 2087 2089 2086 2079 2082 2078 2065 2044 2014 1975 1917 1860 1803 1728 1685 1664 1673 1698 1737 1777 1816 1855 1891 1914 1935 1955 1977 2005 2032 2058 2083 2109 2140 2177 2212 2241 2270 2300 2313 2321 2314 2302 2261 2220 2179 2134 2097 2063 2022 2000 1998 1989 1960 1928 1903 1900 1875 1841 1805 1760 1728 1751 1796 1833 1861 1884 1898 1896 1883
2238 2209 2155 2093 2052 2012 1991 1975 1966 1970 1980 1984 1989 1994 2008 2030 2043 2048 2051 2067 2077 2073 2053 2017 1975 1919 1861 1798 1727 1684 1662 1668 1693 1729 1774 1819 1870 1907 1927 1947 1968 1990 2014 2039 2066 2093 2123 2153 2185 2219 2251 2281 2306 2326 2336 2330 2312 2290 2248 2206 2165 2125 2088 2053 2022 1999 1984 1952 1917 1900 1896 1874 1847 1812 1773 1721 1719 1760 1799 1825 1851 1870 1872 1863
2236 2204 2149 2094 2059 2020 1992 1963 1943 1940 1952 1957 1960 1965 1973 1982 1993 2011 2023 2045 2062 2064 2045 2015 1975 1913 1850 1790 1724 1683 1658 1663 1691 1727 1772 1819 1869 1908 1930 1953 1976 1998 2023 2048 2072 2097 2127 2159 2192 2224 2257 2290 2313 2333 2350 2345 2325 2304 2268 2227 2186 2147 2109 2073 2043 2016 1992 1962 1926 1899 1889 1867 1843 1816 1786 1733 1710 1734 1770 1799 1825 1843 1845 1840
2239 2205 2143 2089 2060 2031 2000 1966 1933 1926 1926 1933 1931 1935 1940 1946 1953 1972 1996 2012 2028 2041 2036 2012 1974 1909 1848 1786 1712 1678 1654 1659 1688 1723 1769 1817 1867 1908 1931 1955 1978 2002 2029 2055 2081 2107 2135 2166 2197 2230 2262 2295 2318 2345 2360 2360 2339 2314 2287 2245 2203 2164 2125 2090 2062 2037 2012 1983 1948 1917 1890 1864 1836 1806 1778 1744 1712 1717 1742 1773 1803 1818 1820 1818
2236 2202 2134 2086 2059 2032 2005 1971 1929 1921 1917 1914 1910 1909 1907 1909 1910 1929 1945 1966 2001 2014 2014 2001 1967 1910 1847 1779 1711 1678 1652 1655 1683 1715 1766 1816 1866 1907 1932 1957 1981 2007 2035 2064 2091 2117 2144 2173 2203 2233 2263 2294 2319 2349 2370 2370 2352 2323 2297 2257 2218 2181 2143 2110 2081 2055 2029 2003 1971 1939 1905 1867 1820 1798 1771 1735 1703 1698 1716 1745 1777 1800 1803 1803
2232 2191 2122 2082 2056 2031 2005 1965 1929 1920 1915 1908 1900 1895 1873 1864 1861 1882 1888 1895 1942 1979 1984 1971 1939 1906 1841 1774 1712 1677 1648 1650 1679 1712 1758 1807 1861 1907 1933 1959 1985 2012 2040 2068 2097 2124 2152 2179 2208 2238 2269 2298 2325 2357 2377 2378 2358 2324 2299 2264 2231 2198 2163 2129 2098 2072 2044 2019 1992 1958 1921 1881 1830 1797 1771 1731 1699 1687 1694 1720 1752 1783 1800 1800
2228 2179 2110 2077 2052 2026 2000 1961 1934 1924 1920 1920 1905 1894 1874 1840 1822 1821 1838 1836 1880 1920 1943 1943 1922 1901 1839 1774 1714 1677 1647 1645 1674 1706 1753 1800 1857 1907 1934 1961 1989 2018 2047 2075 2102 2129 2156 2184 2213 2242 2272 2301 2328 2363 2383 2384 2365 2332 2305 2275 2243 2211 2179 2146 2114 2085 2058 2033 2007 1974 1939 1906 1864 1818 1781 1741 1701 1673 1668 1694 1722 1752 1779 1797
2221 2167 2099 2073 2048 2022 1996 1964 1947 1954 1961 1950 1935 1925 1908 1879 1839 1808 1804 1795 1808 1864 1900 1911 1905 1885 1845 1785 1717 1677 1647 1642 1672 1700 1751 1799 1857 1907 1936 1964 1993 2023 2054 2085 2112 2137 2162 2189 2217 2244 2272 2299 2328 2362 2387 2385 2364 2333 2306 2277 2248 2219 2188 2156 2126 2097 2070 2044 2017 1986 1954 1924 1887 1842 1802 1761 1720 1680 1644 1655 1691 1722 1752 1769
2215 2155 2095 2065 2030 2009 1998 1981 1985 1994 1991 1982 1975 1960 1938 1914 1890 1852 1810 1781 1772 1802 1847 1867 1875 1861 1828 1786 1719 1680 1650 1642 1666 1697 1746 1797 1851 1903 1935 1966 1998 2028 2059 2089 2117 2142 2168 2194 2220 2247 2273 2299 2331 2368 2393 2386 2361 2332 2306 2280 2252 2224 2196 2165 2136 2108 2082 2054 2025 1997 1969 1938 1905 1864 1825 1787 1742 1696 1647 1624 1655 1702 1727 1740
2202 2132 2080 2046 2023 2008 2002 2003 2024 2033 2030 2021 2010 1992 1968 1943 1920 1889 1840 1791 1750 1757 1797 1821 1838 1835 1816 1787 1719 1681 1648 1640 1661 1694 1740 1796 1845 1893 1931 1968 2003 2034 2064 2095 2121 2147 2173 2198 2223 2248 2273 2298 2356 2381 2397 2387 2363 2333 2306 2281 2254 2228 2202 2174 2147 2123 2100 2071 2043 2015 1986 1953 1919 1883 1846 1811 1769 1722 1677 1622 1617 1668 1706 1715
2180 2114 2062 2024 2019 2035 2047 2057 2068 2073 2072 2061 2044 2021 1995 1970 1943 1915 1879 1826 1781 1726 1738 1775 1803 1811 1802 1776 1718 1681 1648 1637 1657 1691 1737 1794 1840 1884 1927 1970 2008 2039 2070 2100 2124 2149 2172 2197 2222 2247 2272 2297 2384 2404 2397 2385 2357 2326 2300 2278 2255 2231 2208 2183 2158 2133 2107 2079 2052 2026 1999 1966 1933 1901 1864 1829 1799 1753 1705 1650 1607 1630 1667 1699
2158 2099 2059 2039 2054 2080 2098 2109 2113 2114 2111 2097 2075 2048 2021 1994 1967 1938 1911 1865 1812 1753 1711 1720 1762 1779 1782 1760 1714 1679 1642 1633 1653 1689 1735 1788 1835 1882 1929 1975 2013 2043 2073 2103 2128 2153 2177 2201 2225 2249 2273 2297 2378 2400 2388 2368 2338 2310 2290 2272 2253 2233 2212 2189 2164 2138 2112 2086 2059 2034 2007 1975 1942 1909 1874 1845 1816 1778 1733 1686 1635 1603 1613 1638
2138 2095 2078 2084 2104 2123 2144 2154 2160 2158 2146 2126 2101 2072 2043 2016 1985 1955 1925 1890 1840 1794 1742 1705 1717 1735 1750 1734 1703 1670 1635 1629 1652 1689 1730 1779 1829 1880 1930 1981 2017 2045 2074 2102 2127 2153 2179 2203 2227 2249 2272 2296 2352 2370 2363 2343 2316 2294 2276 2260 2243 2226 2211 2191 2167 2142 2118 2095 2069 2042 2014 1983 1950 1918 1888 1859 1828 1799 1753 1705 1660 1612 1598 1595
2133 2100 2099 2119 2143 2166 2189 2200 2202 2194 2176 2151 2121 2092 2062 2029 1997 1967 1937 1908 1865 1821 1773 1713 1696 1699 1716 1708 1678 1643 1616 1623 1653 1687 1728 1777 1827 1874 1923 1978 2016 2045 2074 2102 2127 2150 2174 2199 2221 2243 2266 2290 2318 2328 2327 2317 2299 2277 2259 2244 2230 2216 2204 2192 2170 2148 2126 2104 2078 2049 2020 1990 1959 1929 1900 1869 1841 1816 1784 1739 1699 1653 1600 1578
2116 2115 2133 2157 2181 2203 2220 2226 2228 2219 2196 2167 2137 2107 2076 2043 2011 1980 1950 1921 1886 1841 1796 1747 1699 1694 1689 1668 1641 1612 1601 1619 1649 1679 1716 1773 1823 1868 1915 1968 2011 2038 2066 2095 2118 2137 2159 2184 2209 2231 2251 2268 2294 2303 2303 2298 2282 2261 2241 2225 2216 2205 2200 2185 2165 2144 2123 2106 2083 2052 2021 1991 1962 1935 1906 1877 1850 1823 1795 1757 1724 1691 1636 1589
2121 2142 2172 2195 2212 2230 2247 2253 2253 2239 2209 2178 2149 2118 2086 2054 2023 1993 1964 1933 1903 1860 1816 1768 1718 1691 1667 1636 1603 1596 1597 1611 1640 1674 1715 1779 1826 1869 1910 1956 1995 2023 2050 2074 2096 2116 2133 2157 2189 2206 2214 2236 2266 2295 2295 2277 2260 2240 2221 2206 2201 2192 2178 2163 2148 2131 2114 2102 2084 2054 2026 1998 1968 1938 1907 1879 1853 1828 1805 1774 1744 1715 1675 1621
2163 2194 2207 2221 2239 2257 2274 2280 2279 2263 2227 2191 2159 2126 2094 2063 2034 2006 1977 1946 1916 1880 1835 1789 1739 1692 1657 1618 1597 1591 1592 1600 1635 1672 1715 1780 1817 1853 1893 1928 1955 2003 2025 2032 2055 2077 2096 2119 2154 2193 2198 2208 2255 2296 2286 2255 2236 2216 2197 2173 2155 2131 2130 2129 2127 2116 2105 2099 2089 2063 2032 2004 1974 1941 1908 1882 1859 1836 1815 1790 1760 1731 1705 1664
2206 2224 2232 2245 2265 2284 2299 2302 2303 2285 2242 2199 2166 2133 2100 2071 2043 2016 1987 1956 1927 1899 1854 1809 1761 1715 1674 1631 1597 1587 1586 1596 1623 1662 1705 1749 1789 1822 1854 1883 1901 1899 1964 1990 2006 2025 2057 2090 2117 2173 2197 2223 2271 2294 2275 2229 2211 2192 2164 2138 2112 2081 2073 2087 2097 2102 2100 2103 2085 2062 2035 2007 1975 1939 1905 1882 1861 1841 1821 1801 1772 1745 1723 1702
2245 2254 2258 2265 2278 2294 2310 2316 2312 2292 2248 2203 2169 2135 2101 2073 2046 2020 1995 1968 1940 1912 1874 1828 1784 1740 1696 1649 1599 1588 1584 1594 1599 1624 1683 1726 1765 1797 1806 1845 1888 1898 1919 1963 1993 2011 2051 2087 2121 2197 2217 2260 2284 2279 2243 2205 2183 2162 2134 2106 2065 2022 2001 2029 2045 2064 2078 2081 2069 2051 2031 2008 1977 1940 1902 1881 1860 1840 1821 1804 1782 1761 1736 1713
2292 2284 2281 2277 2248 2242 2299 2296 2295 2274 2236 2200 2168 2136 2103 2078 2052 2028 2006 1979 1950 1921 1887 1844 1803 1759 1715 1662 1604 1587 1582 1595 1599 1623 1670 1714 1766 1795 1806 1850 1887 1910 1942 1976 2000 2034 2069 2096 2194 2224 2251 2271 2265 2236 2209 2180 2154 2133 2105 2062 2017 1985 1980 1984 2006 2029 2045 2050 2043 2031 2019 2006 1983 1943 1902 1878 1856 1834 1815 1800 1792 1765 1736 1712
2331 2314 2292 2249 2204 2174 2169 2174 2168 2157 2156 2156 2143 2127 2100 2073 2051 2029 2009 1983 1954 1926 1900 1860 1814 1769 1726 1672 1607 1586 1580 1595 1628 1661 1699 1733 1784 1807 1837 1887 1921 1944 1974 2005 2041 2079 2113 2165 2212 2239 2254 2251 2222 2196 2175 2153 2128 2104 2065 2018 1983 1956 1942 1945 1970 1995 2013 2022 2018 2012 2006 2001 1976 1936 1898 1870 1843 1821 1804 1800 1774 1748 1721 1704
2371 2349 2320 2275 2215 2156 2102 2095 2092 2087 2092 2100 2100 2087 2076 2056 2037 2018 2002 1983 1959 1934 1910 1876 1831 1786 1739 1687 1624 1588 1578 1597 1636 1677 1720 1764 1804 1839 1871 1909 1944 1973 2001 2035 2073 2110 2156 2201 2218 2231 2228 2211 2191 2166 2141 2119 2098 2063 2020 1986 1957 1924 1905 1905 1929 1957 1979 1999 2001 2001 2000 2000 1961 1914 1881 1844 1820 1807 1798 1774 1738 1711 1700 1696
2400 2377 2339 2296 2232 2171 2112 2072 2040 2027 2025 2027 2038 2031 2035 2028 2016 2003 1994 1978 1959 1939 1918 1895 1848 1801 1752 1710 1654 1591 1575 1596 1637 1683 1726 1772 1813 1852 1888 1923 1959 1993 2022 2052 2089 2127 2165 2195 2205 2207 2199 2180 2159 2137 2112 2084 2056 2020 1988 1963 1936 1907 1879 1866 1892 1920 1944 1965 1986 1996 2001 1997 1957 1908 1870 1828 1797 1799 1794 1745 1700 1700 1692 1663
2414 2395 2348 2296 2241 2185 2130 2073 2007 1995 1980 1975 1982 1981 1989 1991 1988 1983 1978 1965 1949 1933 1917 1903 1860 1813 1771 1733 1680 1598 1572 1594 1640 1690 1732 1771 1811 1856 1898 1930 1961 1993 2026 2059 2094 2123 2152 2173 2183 2177 2162 2143 2126 2105 2080 2048 2018 1990 1968 1944 1918 1887 1851 1826 1841 1880 1910 1934 1949 1959 1975 1996 1988 1932 1900 1871 1843 1815 1793 1760 1715 1698 1690 1654
2430 2403 2354 2298 2249 2198 2144 2088 2013 1981 1950 1929 1936 1939 1947 1951 1952 1955 1955 1948 1935 1922 1910 1900 1868 1829 1788 1744 1698 1622 1574 1588 1637 1689 1729 1764 1800 1849 1898 1928 1959 1992 2026 2060 2092 2117 2137 2149 2150 2142 2126 2105 2087 2069 2043 2012 1989 1970 1949 1926 1901 1866 1828 1798 1800 1829 1869 1903 1910 1916 1933 1974 1996 1979 1946 1913 1885 1855 1825 1798 1756 1715 1693 1670
2440 2413 2372 2300 2255 2209 2156 2100 2043 1990 1940 1901 1900 1900 1905 1911 1916 1925 1928 1927 1919 1911 1902 1900 1873 1835 1798 1750 1699 1635 1581 1577 1624 1677 1721 1760 1800 1844 1888 1924 1958 1992 2024 2055 2082 2103 2115 2120 2117 2108 2093 2071 2050 2030 2007 1986 1967 1948 1928 1907 1877 1843 1806 1795 1791 1793 1817 1850 1864 1875 1892 1916 1962 1993 1980 1948 1915 1890 1858 1828 1801 1758 1722 1695
2449 2418 2378 2297 2255 2212 2158 2101 2056 2014 1967 1910 1899 1890 1867 1864 1874 1891 1902 1905 1906 1901 1900 1900 1873 1838 1806 1760 1709 1648 1591 1565 1599 1660 1717 1757 1793 1838 1887 1924 1957 1990 2017 2043 2066 2084 2091 2090 2084 2073 2058 2037 2016 1996 1981 1965 1947 1928 1907 1883 1854 1821 1792 1779 1770 1772 1783 1797 1818 1833 1863 1900 1942 1977 1987 1964 1935 1910 1883 1853 1823 1790 1752 1723
2443 2409 2352 2291 2254 2214 2168 2114 2069 2033 1997 1934 1896 1871 1831 1811 1824 1835 1845 1860 1877 1888 1890 1874 1849 1823 1802 1767 1717 1662 1599 1562 1587 1652 1714 1749 1784 1828 1876 1915 1947 1977 2004 2027 2047 2062 2065 2061 2051 2037 2024 2003 1987 1972 1957 1940 1925 1908 1884 1858 1831 1801 1775 1755 1745 1745 1754 1776 1796 1813 1861 1900 1923 1952 1978 1971 1947 1922 1898 1867 1837 1806 1769 1744
2438 2403 2340 2286 2253 2219 2178 2124 2080 2046 2012 1959 1900 1867 1820 1798 1798 1795 1795 1799 1809 1820 1829 1828 1815 1802 1794 1762 1718 1676 1605 1563 1579 1634 1705 1741 1776 1818 1870 1912 1941 1968 1994 2012 2026 2037 2039 2033 2021 2004 1991 1978 1962 1947 1938 1919 1900 1881 1858 1833 1809 1781 1753 1730 1718 1716 1726 1755 1785 1821 1875 1909 1933 1955 1970 1970 1952 1925 1902 1872 1841 1811 1782 1757
2432 2395 2328 2280 2246 2212 2173 2130 2090 2056 2020 1977 1922 1880 1847 1814 1794 1774 1768 1773 1782 1782 1781 1778 1770 1761 1756 1741 1714 1689 1608 1594 1587 1616 1695 1733 1768 1806 1862 1908 1934 1959 1983 2001 2007 2015 2015 2006 1994 1977 1964 1953 1937 1922 1914 1901 1873 1850 1829 1805 1784 1760 1732 1706 1695 1695 1708 1747 1790 1838 1893 1920 1941 1960 1967 1965 1948 1923 1902 1874 1845 1817 1790 1767
