src/main/resources/dem4.txt
ncols         205
nrows         204
xllcorner     0
yllcorner     0
cellsize      2
NODATA_value  9999
[rows 114 to 151 of 204, columns 0 to 83 of 205]
2951 2982 3011 3042 3072 3081 3067 3038 3015 2990 2960 2926 2893 2861 2833 2814 2814 2834 2864 2887 2902 2902 2898 2890 2879 2865 2849 2832 2813 2788 2749 2711 2700 2703 2728 2750 2770 2788 2799 2792 2777 2758 2735 2713 2687 2649 2612 2573 2535 2497 2461 2444 2427 2410 2400 2399 2391 2369 2355 2362 2386 2411 2431 2445 2451 2440 2428 2415 2400 2364 2328 2303 2301 2323 2359 2392 2433 2495 2546 2555 2500 2500 2483 2456
2965 2991 3016 3048 3074 3078 3064 3034 3006 2978 2949 2921 2887 2843 2812 2799 2800 2817 2845 2871 2890 2892 2888 2877 2867 2853 2837 2820 2802 2768 2730 2699 2699 2698 2702 2725 2748 2772 2789 2785 2772 2753 2735 2716 2696 2658 2621 2583 2544 2504 2480 2459 2435 2420 2403 2399 2382 2353 2327 2323 2347 2394 2414 2427 2427 2414 2402 2381 2354 2321 2292 2294 2308 2338 2368 2398 2422 2447 2476 2495 2484 2482 2466 2441
2979 3001 3026 3057 3073 3072 3053 3023 2997 2965 2934 2904 2870 2828 2798 2794 2796 2802 2830 2860 2884 2889 2883 2868 2854 2843 2828 2809 2785 2751 2717 2696 2690 2686 2687 2704 2729 2761 2780 2781 2771 2753 2732 2714 2697 2662 2628 2592 2554 2518 2492 2471 2449 2429 2412 2398 2376 2344 2313 2294 2303 2334 2381 2406 2404 2382 2360 2339 2313 2280 2250 2277 2313 2343 2373 2403 2425 2448 2467 2478 2481 2472 2453 2428
2992 3012 3038 3063 3071 3063 3038 3012 2986 2954 2922 2889 2851 2813 2780 2769 2777 2791 2818 2850 2874 2882 2878 2863 2843 2830 2818 2803 2771 2737 2704 2682 2669 2663 2666 2685 2710 2747 2768 2772 2766 2750 2730 2713 2699 2666 2633 2599 2562 2526 2494 2473 2455 2439 2421 2406 2385 2349 2313 2296 2282 2288 2301 2343 2349 2337 2316 2298 2279 2227 2228 2281 2319 2348 2378 2407 2434 2461 2483 2496 2496 2478 2450 2420
3003 3022 3049 3065 3066 3050 3022 3000 2972 2942 2911 2876 2840 2804 2756 2728 2733 2765 2799 2827 2856 2867 2866 2854 2836 2819 2807 2789 2759 2725 2692 2666 2642 2634 2640 2662 2689 2718 2750 2758 2755 2743 2726 2710 2697 2665 2632 2599 2563 2527 2497 2481 2464 2445 2426 2410 2396 2362 2331 2302 2277 2259 2263 2282 2291 2291 2283 2267 2245 2212 2227 2289 2323 2353 2383 2413 2441 2468 2493 2505 2502 2485 2452 2421
3012 3035 3054 3063 3058 3037 3012 2987 2958 2929 2899 2861 2825 2789 2738 2699 2704 2732 2765 2789 2819 2842 2846 2839 2825 2810 2796 2772 2747 2715 2682 2654 2625 2608 2616 2638 2670 2698 2725 2739 2737 2730 2719 2707 2690 2661 2631 2600 2565 2532 2499 2481 2461 2441 2423 2407 2400 2372 2344 2318 2292 2254 2235 2234 2250 2266 2258 2244 2215 2206 2235 2286 2323 2355 2388 2419 2448 2477 2501 2511 2509 2492 2448 2405
3019 3042 3057 3059 3048 3025 3003 2976 2946 2918 2885 2846 2808 2761 2710 2699 2698 2700 2728 2758 2789 2808 2817 2818 2811 2802 2785 2759 2733 2707 2677 2645 2614 2598 2601 2627 2655 2680 2702 2718 2718 2714 2708 2700 2677 2650 2626 2596 2554 2513 2488 2472 2453 2434 2416 2402 2390 2370 2350 2329 2307 2278 2231 2217 2224 2241 2234 2220 2199 2198 2223 2283 2324 2358 2393 2424 2455 2485 2504 2515 2512 2500 2446 2391
3026 3047 3055 3053 3035 3014 2995 2963 2931 2902 2869 2832 2793 2742 2699 2692 2689 2690 2698 2729 2756 2777 2794 2800 2796 2788 2773 2750 2723 2696 2666 2636 2605 2583 2589 2613 2638 2663 2684 2698 2703 2701 2691 2675 2657 2633 2609 2575 2527 2492 2473 2455 2438 2421 2406 2395 2383 2369 2353 2334 2316 2295 2247 2225 2215 2220 2213 2201 2190 2190 2223 2281 2325 2362 2399 2429 2459 2489 2506 2516 2511 2500 2431 2372
3032 3049 3052 3044 3022 3004 2979 2950 2919 2887 2852 2817 2775 2723 2686 2665 2655 2658 2678 2702 2726 2748 2765 2775 2774 2768 2758 2741 2718 2690 2659 2629 2599 2563 2563 2597 2625 2649 2667 2677 2682 2676 2661 2646 2632 2613 2581 2540 2497 2474 2456 2438 2421 2405 2398 2390 2380 2367 2352 2337 2319 2304 2276 2249 2226 2210 2199 2195 2172 2184 2223 2280 2326 2366 2404 2433 2463 2491 2506 2513 2508 2485 2398 2348
3038 3047 3046 3033 3014 2995 2963 2934 2906 2874 2839 2804 2760 2711 2673 2638 2620 2623 2652 2677 2701 2721 2738 2748 2751 2748 2740 2728 2709 2682 2651 2621 2589 2543 2541 2587 2616 2635 2648 2653 2653 2647 2630 2616 2603 2581 2538 2499 2476 2452 2437 2420 2402 2389 2388 2385 2378 2366 2352 2337 2321 2308 2292 2262 2232 2206 2183 2163 2152 2176 2216 2276 2323 2365 2403 2431 2458 2483 2502 2507 2503 2451 2375 2317
3041 3045 3039 3021 3005 2982 2950 2919 2888 2855 2823 2788 2744 2699 2666 2626 2598 2603 2626 2649 2672 2694 2712 2722 2728 2727 2723 2714 2699 2672 2642 2610 2571 2526 2524 2565 2603 2618 2628 2628 2623 2618 2601 2577 2552 2523 2493 2471 2450 2428 2411 2400 2381 2370 2377 2379 2377 2368 2355 2340 2324 2311 2301 2272 2238 2204 2173 2143 2140 2169 2203 2262 2314 2357 2398 2424 2444 2467 2491 2500 2473 2408 2351 2310
3041 3039 3028 3011 2995 2964 2933 2902 2869 2836 2804 2766 2725 2687 2655 2621 2599 2598 2600 2619 2642 2664 2682 2699 2709 2709 2707 2702 2686 2661 2634 2606 2569 2526 2519 2554 2582 2600 2605 2602 2591 2579 2558 2531 2502 2477 2457 2438 2420 2400 2385 2373 2356 2346 2357 2374 2376 2372 2361 2347 2333 2323 2308 2278 2243 2207 2173 2135 2128 2155 2194 2244 2295 2339 2379 2405 2424 2444 2477 2498 2460 2405 2371 2327
3036 3031 3017 3003 2976 2946 2916 2885 2853 2818 2784 2747 2709 2676 2646 2615 2595 2586 2581 2590 2612 2632 2649 2668 2686 2698 2701 2692 2671 2647 2623 2596 2559 2524 2511 2531 2551 2563 2562 2554 2541 2520 2507 2487 2459 2436 2417 2400 2391 2380 2364 2345 2330 2321 2335 2368 2375 2376 2369 2359 2350 2340 2318 2292 2255 2216 2180 2136 2118 2139 2185 2229 2272 2313 2346 2372 2397 2416 2463 2495 2482 2438 2402 2364
3027 3019 3008 2990 2956 2924 2895 2867 2838 2806 2769 2732 2696 2665 2633 2602 2576 2550 2536 2544 2574 2599 2617 2635 2653 2667 2674 2669 2655 2632 2609 2580 2545 2509 2499 2507 2515 2519 2514 2504 2492 2472 2456 2437 2414 2397 2390 2382 2372 2361 2346 2327 2307 2298 2316 2358 2374 2379 2380 2377 2368 2354 2330 2300 2260 2224 2188 2141 2111 2120 2165 2203 2245 2278 2302 2328 2354 2393 2432 2476 2490 2467 2425 2393
3016 3008 3000 2973 2941 2906 2874 2845 2816 2788 2756 2719 2686 2656 2627 2596 2566 2531 2503 2505 2529 2542 2573 2602 2620 2634 2643 2642 2634 2616 2594 2566 2532 2498 2495 2476 2472 2472 2468 2455 2441 2427 2407 2396 2389 2381 2374 2365 2355 2342 2327 2310 2298 2299 2305 2349 2371 2384 2393 2393 2385 2368 2335 2301 2264 2228 2192 2145 2110 2110 2145 2180 2203 2233 2260 2290 2322 2373 2414 2451 2482 2474 2442 2409
3009 3002 2980 2953 2926 2898 2865 2830 2797 2765 2735 2702 2675 2646 2617 2589 2560 2530 2502 2496 2486 2489 2511 2549 2582 2604 2612 2613 2609 2598 2577 2553 2528 2501 2467 2431 2421 2422 2420 2409 2396 2393 2387 2381 2374 2366 2358 2349 2339 2325 2310 2293 2290 2293 2299 2334 2365 2384 2392 2397 2400 2380 2342 2301 2265 2229 2193 2157 2118 2104 2124 2149 2173 2196 2226 2272 2320 2372 2412 2446 2473 2472 2448 2414
3003 2996 2969 2938 2910 2879 2846 2816 2786 2752 2717 2687 2661 2634 2607 2580 2554 2528 2501 2483 2449 2443 2482 2513 2541 2565 2578 2585 2583 2574 2557 2536 2513 2482 2432 2399 2387 2383 2385 2384 2377 2376 2372 2366 2359 2352 2343 2334 2323 2310 2291 2272 2265 2276 2291 2320 2352 2381 2400 2412 2408 2384 2338 2295 2262 2228 2194 2159 2123 2099 2103 2119 2144 2176 2218 2270 2320 2371 2410 2439 2462 2464 2444 2414
3000 2977 2949 2922 2893 2859 2825 2794 2767 2737 2705 2678 2652 2628 2603 2578 2553 2528 2502 2466 2419 2403 2438 2474 2504 2529 2545 2556 2555 2546 2533 2515 2495 2470 2432 2394 2359 2349 2360 2362 2359 2359 2356 2351 2346 2338 2329 2319 2308 2292 2266 2240 2234 2252 2286 2318 2349 2379 2402 2415 2401 2370 2331 2290 2259 2227 2195 2159 2123 2096 2088 2096 2128 2172 2220 2270 2318 2364 2404 2429 2450 2453 2435 2409
2988 2957 2929 2902 2874 2840 2805 2775 2747 2719 2691 2669 2644 2618 2594 2573 2550 2527 2503 2462 2416 2400 2399 2436 2468 2496 2516 2529 2529 2520 2507 2495 2477 2457 2432 2394 2331 2318 2334 2340 2341 2342 2339 2335 2331 2324 2316 2305 2287 2263 2235 2214 2207 2233 2276 2312 2344 2375 2398 2399 2380 2350 2315 2283 2253 2222 2190 2156 2120 2092 2076 2087 2119 2178 2227 2271 2314 2356 2395 2415 2434 2439 2426 2405
2971 2945 2914 2883 2855 2825 2790 2759 2730 2701 2678 2656 2634 2609 2587 2565 2544 2521 2497 2454 2411 2400 2397 2403 2437 2465 2489 2502 2503 2496 2488 2477 2463 2441 2420 2391 2303 2300 2310 2319 2323 2326 2323 2319 2315 2311 2302 2283 2258 2234 2208 2199 2200 2224 2272 2310 2339 2367 2392 2383 2361 2332 2301 2271 2242 2212 2182 2149 2114 2084 2062 2081 2120 2178 2225 2264 2304 2344 2380 2403 2418 2424 2414 2397
2954 2929 2902 2870 2838 2809 2777 2744 2714 2688 2666 2643 2621 2599 2580 2559 2538 2516 2489 2446 2404 2396 2390 2387 2408 2436 2456 2473 2480 2476 2469 2461 2449 2433 2408 2351 2300 2298 2298 2298 2305 2309 2307 2303 2299 2291 2275 2254 2229 2204 2192 2195 2198 2222 2266 2302 2327 2365 2384 2368 2340 2316 2291 2261 2231 2201 2170 2140 2108 2074 2050 2075 2117 2169 2216 2259 2302 2336 2364 2387 2400 2403 2398 2375
2938 2914 2884 2851 2821 2792 2761 2729 2698 2675 2653 2631 2608 2588 2571 2552 2533 2512 2481 2437 2398 2383 2368 2360 2379 2404 2425 2447 2456 2456 2451 2444 2434 2422 2404 2343 2298 2290 2280 2275 2281 2288 2285 2276 2267 2254 2242 2225 2200 2177 2162 2171 2188 2211 2251 2291 2325 2363 2374 2356 2322 2298 2275 2249 2220 2190 2159 2128 2098 2061 2039 2066 2109 2159 2212 2256 2293 2321 2348 2372 2384 2388 2379 2357
2923 2899 2865 2831 2800 2772 2743 2711 2684 2661 2639 2617 2596 2579 2562 2544 2526 2507 2471 2424 2387 2362 2339 2328 2335 2362 2400 2422 2433 2436 2433 2427 2420 2410 2391 2329 2285 2264 2248 2244 2255 2261 2258 2247 2237 2223 2206 2194 2173 2144 2126 2131 2156 2210 2251 2290 2322 2353 2358 2338 2308 2283 2259 2235 2209 2180 2152 2120 2088 2045 2029 2058 2100 2157 2207 2243 2278 2311 2337 2356 2373 2379 2363 2342
2908 2878 2846 2812 2781 2752 2724 2695 2670 2646 2623 2601 2582 2566 2551 2535 2518 2499 2454 2408 2377 2347 2316 2298 2297 2321 2359 2393 2409 2416 2416 2412 2407 2401 2372 2325 2275 2227 2214 2214 2230 2235 2230 2220 2209 2196 2183 2170 2153 2122 2098 2093 2144 2208 2246 2279 2308 2332 2332 2312 2293 2271 2248 2224 2198 2168 2139 2112 2081 2034 2022 2055 2099 2150 2198 2235 2271 2304 2324 2345 2369 2375 2357 2330
2894 2857 2823 2793 2765 2736 2707 2678 2654 2631 2607 2586 2565 2547 2536 2522 2507 2476 2431 2393 2366 2339 2311 2293 2277 2290 2313 2346 2374 2391 2401 2400 2400 2385 2350 2307 2256 2206 2199 2197 2204 2208 2203 2194 2185 2177 2164 2148 2132 2109 2084 2097 2147 2206 2238 2269 2295 2309 2305 2293 2276 2257 2234 2211 2185 2156 2125 2096 2062 2026 2016 2053 2098 2144 2188 2225 2259 2291 2315 2342 2366 2371 2355 2325
2873 2836 2800 2771 2739 2714 2692 2662 2629 2607 2594 2573 2549 2528 2514 2506 2486 2448 2405 2384 2357 2326 2300 2279 2257 2258 2279 2302 2332 2348 2357 2362 2367 2350 2318 2283 2241 2197 2186 2179 2175 2178 2176 2170 2164 2157 2147 2131 2112 2086 2060 2088 2144 2203 2232 2260 2281 2291 2285 2274 2260 2242 2221 2197 2170 2143 2114 2084 2041 2010 2012 2047 2092 2133 2178 2216 2248 2279 2306 2333 2357 2361 2345 2314
2860 2822 2788 2757 2725 2699 2684 2647 2612 2598 2589 2562 2533 2511 2499 2496 2467 2422 2398 2387 2358 2325 2297 2274 2251 2234 2238 2267 2292 2305 2314 2316 2316 2308 2286 2260 2227 2191 2164 2145 2136 2144 2146 2145 2142 2137 2129 2116 2094 2049 2037 2084 2137 2194 2221 2243 2260 2268 2262 2254 2243 2226 2207 2182 2154 2127 2099 2072 2037 2009 2017 2048 2087 2128 2171 2208 2239 2268 2294 2315 2334 2340 2324 2302
2874 2835 2797 2767 2734 2706 2681 2646 2611 2599 2588 2561 2530 2502 2499 2492 2463 2424 2399 2394 2368 2334 2305 2292 2269 2231 2216 2221 2257 2267 2271 2271 2270 2269 2250 2231 2206 2180 2149 2121 2105 2110 2114 2117 2118 2115 2110 2098 2065 2018 2028 2083 2127 2172 2206 2223 2236 2241 2238 2233 2223 2210 2190 2165 2139 2111 2081 2054 2027 2011 2026 2059 2089 2123 2162 2199 2227 2255 2279 2299 2312 2317 2304 2278
2903 2865 2824 2790 2760 2728 2693 2662 2633 2610 2592 2572 2544 2518 2500 2493 2468 2437 2415 2404 2384 2357 2335 2318 2296 2264 2222 2205 2220 2227 2226 2226 2225 2224 2211 2196 2188 2169 2145 2115 2097 2089 2075 2079 2085 2088 2083 2067 2042 2009 2026 2082 2123 2158 2182 2202 2213 2216 2214 2212 2202 2189 2170 2146 2121 2095 2060 2031 2010 2008 2025 2053 2082 2112 2149 2184 2214 2241 2262 2278 2288 2293 2296 2283
2933 2895 2855 2816 2784 2751 2717 2694 2669 2640 2615 2594 2575 2550 2522 2499 2481 2458 2444 2427 2406 2383 2361 2339 2318 2296 2256 2201 2199 2195 2189 2186 2186 2188 2183 2171 2161 2147 2127 2111 2100 2094 2059 2032 2018 2041 2044 2037 2015 2002 2020 2072 2114 2134 2155 2175 2187 2191 2191 2190 2181 2165 2148 2125 2102 2068 2034 2005 2000 2000 2016 2044 2073 2104 2138 2172 2203 2224 2241 2254 2259 2269 2293 2296
2955 2917 2881 2844 2811 2776 2745 2722 2695 2667 2643 2623 2607 2588 2562 2531 2502 2484 2471 2451 2429 2404 2381 2358 2336 2314 2285 2220 2192 2176 2158 2146 2149 2157 2154 2145 2134 2123 2109 2102 2099 2100 2100 2065 2024 2011 2011 2007 1997 1996 2007 2055 2086 2107 2129 2146 2158 2165 2167 2168 2159 2144 2125 2104 2074 2039 2004 1999 1999 1999 2006 2037 2067 2096 2129 2160 2186 2206 2219 2228 2228 2238 2274 2292
2963 2931 2903 2868 2832 2797 2770 2745 2718 2694 2670 2650 2632 2617 2597 2565 2537 2515 2495 2474 2450 2424 2397 2374 2351 2328 2303 2253 2205 2177 2151 2131 2125 2126 2126 2119 2109 2103 2101 2100 2099 2100 2100 2100 2069 2026 1999 1995 1985 1986 1998 2027 2055 2080 2106 2117 2129 2139 2144 2146 2138 2123 2105 2079 2047 2012 1996 1993 1994 1996 2000 2026 2052 2086 2119 2147 2171 2192 2202 2205 2200 2207 2232 2265
2972 2945 2918 2892 2855 2822 2793 2767 2742 2718 2696 2675 2656 2638 2618 2598 2571 2546 2521 2496 2471 2442 2413 2386 2361 2337 2311 2273 2229 2195 2157 2137 2126 2117 2109 2100 2100 2100 2100 2100 2100 2100 2100 2100 2073 2035 1999 1987 1974 1974 1988 2006 2030 2053 2074 2086 2103 2114 2121 2124 2119 2104 2084 2058 2029 1996 1980 1972 1971 1975 1985 1999 2031 2072 2112 2139 2163 2177 2182 2174 2166 2175 2199 2232
2977 2954 2931 2908 2876 2845 2816 2790 2765 2740 2717 2697 2678 2658 2639 2620 2600 2571 2545 2517 2488 2457 2425 2396 2371 2344 2316 2282 2243 2202 2175 2156 2137 2118 2103 2097 2100 2100 2100 2100 2100 2099 2091 2056 2033 2006 1991 1977 1965 1959 1971 1987 2002 2022 2039 2054 2073 2088 2098 2102 2099 2087 2070 2047 2021 1993 1964 1944 1938 1943 1960 1986 2008 2063 2109 2127 2141 2152 2155 2136 2125 2140 2173 2203
2973 2954 2934 2913 2889 2860 2834 2808 2784 2759 2735 2714 2698 2679 2661 2641 2618 2594 2565 2535 2499 2467 2437 2408 2379 2347 2316 2281 2242 2202 2175 2148 2125 2111 2112 2117 2115 2108 2103 2100 2100 2099 2088 2042 2002 1994 1986 1974 1960 1950 1948 1960 1978 1992 2007 2023 2043 2059 2070 2077 2078 2070 2055 2037 2016 1996 1960 1925 1911 1915 1940 1978 2000 2047 2100 2110 2120 2128 2129 2109 2099 2116 2149 2180
2962 2946 2929 2910 2888 2863 2838 2816 2797 2772 2748 2726 2708 2700 2682 2659 2634 2610 2582 2544 2503 2472 2440 2409 2377 2343 2311 2276 2239 2202 2165 2135 2121 2122 2136 2147 2149 2142 2137 2125 2113 2100 2091 2059 2024 1998 1993 1983 1971 1954 1938 1934 1946 1961 1977 1995 2016 2032 2043 2051 2055 2049 2038 2024 2011 2000 1964 1921 1899 1901 1933 1973 2006 2049 2089 2100 2106 2109 2108 2088 2086 2098 2129 2161
2949 2935 2919 2903 2878 2854 2832 2811 2797 2776 2753 2731 2713 2702 2694 2668 2643 2620 2591 2548 2505 2474 2444 2415 2383 2342 2305 2269 2233 2197 2163 2136 2134 2148 2169 2179 2184 2176 2171 2161 2148 2130 2113 2100 2073 2040 2015 1999 1991 1974 1946 1928 1924 1926 1941 1964 1988 2004 2016 2025 2031 2029 2020 2011 2003 2000 1968 1914 1891 1898 1930 1967 2005 2044 2081 2100 2100 2100 2084 2056 2051 2083 2120 2150
2933 2921 2907 2884 2859 2839 2818 2802 2788 2772 2752 2731 2714 2702 2696 2669 2645 2621 2593 2555 2515 2480 2448 2415 2381 2340 2300 2259 2219 2190 2163 2157 2167 2184 2199 2218 2228 2219 2211 2196 2181 2163 2147 2131 2113 2086 2057 2035 2015 1994 1965 1939 1922 1914 1914 1925 1947 1970 1985 1999 2007 2011 2006 2003 2000 2000 1953 1904 1875 1895 1933 1972 2010 2040 2071 2090 2092 2074 2050 2020 2014 2072 2116 2144
