src/main/resources/dem4.txt
ncols         205
nrows         204
xllcorner     0
yllcorner     0
cellsize      2
NODATA_value  9999
[rows 38 to 75 of 204, columns 0 to 83 of 205]
3335 3305 3272 3235 3197 3166 3136 3111 3097 3079 3048 3025 3005 2989 2972 2955 2938 2920 2903 2880 2854 2828 2804 2780 2754 2721 2698 2673 2650 2626 2612 2604 2607 2617 2645 2664 2681 2695 2704 2708 2709 2709 2704 2684 2669 2666 2661 2659 2662 2666 2674 2677 2676 2670 2664 2659 2654 2647 2642 2635 2627 2622 2613 2600 2591 2583 2573 2560 2546 2530 2516 2503 2489 2465 2440 2417 2403 2369 2319 2279 2244 2208 2176 2148
3328 3298 3262 3228 3193 3160 3128 3097 3064 3044 3018 2997 2985 2971 2956 2939 2922 2905 2880 2855 2830 2804 2771 2741 2724 2701 2689 2667 2647 2635 2642 2638 2634 2646 2669 2691 2708 2721 2728 2732 2731 2730 2723 2711 2698 2687 2680 2680 2683 2686 2693 2695 2692 2685 2680 2674 2668 2663 2657 2650 2643 2637 2625 2613 2602 2591 2578 2563 2547 2530 2515 2501 2481 2459 2435 2414 2388 2343 2299 2268 2236 2202 2166 2132
3319 3291 3257 3221 3188 3156 3125 3093 3052 3015 2992 2978 2965 2953 2938 2922 2906 2882 2855 2827 2802 2774 2733 2715 2711 2704 2701 2701 2697 2687 2681 2670 2664 2675 2696 2716 2733 2745 2752 2755 2753 2749 2740 2728 2713 2698 2695 2696 2698 2704 2712 2715 2710 2702 2695 2689 2684 2678 2672 2666 2659 2649 2638 2626 2614 2598 2582 2565 2547 2529 2512 2495 2471 2448 2425 2403 2363 2318 2283 2256 2228 2196 2154 2117
3309 3279 3248 3215 3183 3154 3124 3092 3045 3001 2978 2960 2945 2932 2920 2905 2885 2856 2827 2803 2780 2752 2733 2726 2737 2732 2736 2735 2727 2707 2699 2695 2689 2696 2720 2741 2759 2771 2777 2779 2775 2768 2758 2745 2731 2714 2699 2699 2706 2721 2732 2736 2732 2725 2717 2708 2699 2694 2688 2682 2674 2663 2651 2638 2621 2603 2583 2563 2544 2525 2506 2484 2460 2437 2414 2384 2344 2301 2270 2240 2212 2178 2137 2098
3299 3270 3240 3208 3178 3149 3119 3085 3039 2996 2969 2947 2928 2913 2901 2881 2854 2829 2807 2796 2780 2776 2776 2776 2780 2775 2772 2767 2752 2725 2700 2699 2699 2721 2746 2770 2786 2797 2801 2800 2796 2787 2776 2763 2749 2728 2714 2711 2725 2738 2751 2756 2754 2750 2742 2734 2725 2715 2706 2697 2688 2676 2662 2645 2627 2608 2585 2561 2537 2515 2494 2469 2445 2421 2398 2357 2316 2285 2256 2226 2194 2154 2114 2075
3289 3261 3233 3203 3173 3143 3114 3079 3038 2998 2966 2936 2910 2895 2874 2847 2824 2811 2807 2807 2809 2811 2812 2812 2812 2808 2804 2796 2774 2741 2705 2706 2726 2752 2778 2800 2807 2811 2813 2812 2809 2804 2795 2783 2767 2749 2736 2732 2742 2757 2770 2776 2777 2774 2769 2761 2751 2740 2730 2717 2702 2687 2672 2653 2632 2610 2583 2553 2525 2499 2476 2452 2428 2404 2367 2326 2290 2264 2240 2209 2173 2132 2097 2077
3279 3251 3224 3197 3168 3139 3109 3073 3036 2998 2967 2934 2904 2878 2854 2835 2824 2825 2834 2836 2839 2842 2843 2841 2838 2832 2828 2816 2800 2767 2737 2738 2760 2783 2804 2813 2819 2824 2826 2824 2822 2816 2811 2802 2788 2773 2760 2757 2763 2776 2789 2797 2799 2800 2795 2787 2777 2764 2752 2736 2715 2698 2676 2652 2627 2603 2567 2536 2507 2481 2458 2434 2410 2377 2336 2296 2269 2242 2218 2194 2159 2114 2099 2097
3269 3242 3214 3187 3160 3132 3103 3066 3026 2992 2964 2936 2907 2883 2863 2854 2856 2861 2870 2870 2871 2873 2873 2869 2863 2857 2848 2833 2814 2791 2773 2776 2794 2807 2818 2826 2833 2837 2838 2837 2835 2830 2825 2817 2806 2793 2783 2780 2784 2795 2807 2816 2820 2821 2817 2810 2801 2787 2775 2757 2722 2697 2670 2642 2616 2585 2543 2509 2485 2462 2439 2416 2387 2346 2305 2276 2247 2220 2198 2193 2164 2124 2103 2113
3265 3237 3209 3181 3154 3127 3099 3063 3030 3003 2978 2948 2917 2896 2892 2891 2896 2900 2901 2902 2902 2903 2901 2896 2887 2878 2866 2849 2829 2799 2797 2802 2814 2823 2832 2841 2846 2850 2851 2850 2848 2844 2840 2832 2822 2810 2800 2798 2802 2812 2824 2836 2841 2842 2837 2828 2815 2801 2797 2764 2721 2687 2658 2629 2602 2562 2521 2486 2462 2440 2418 2392 2354 2315 2283 2255 2226 2202 2190 2190 2182 2160 2150 2162
3258 3230 3203 3177 3152 3126 3100 3071 3044 3020 3000 2971 2940 2925 2919 2918 2923 2929 2930 2929 2929 2930 2927 2921 2911 2898 2884 2867 2839 2816 2814 2823 2833 2840 2848 2856 2860 2863 2864 2864 2862 2859 2855 2848 2840 2829 2820 2817 2819 2829 2841 2854 2862 2864 2858 2844 2824 2805 2797 2756 2709 2675 2644 2615 2579 2538 2499 2470 2443 2419 2394 2357 2319 2286 2257 2231 2208 2194 2197 2199 2200 2200 2202 2200
3257 3229 3202 3178 3154 3129 3105 3080 3056 3035 3015 2992 2969 2956 2948 2945 2949 2956 2959 2955 2956 2956 2951 2946 2936 2922 2905 2886 2861 2841 2840 2847 2852 2858 2865 2871 2874 2876 2878 2877 2876 2875 2871 2867 2859 2851 2844 2841 2842 2849 2858 2871 2882 2884 2875 2855 2829 2806 2784 2737 2695 2662 2630 2598 2552 2508 2477 2449 2422 2396 2362 2324 2288 2251 2220 2207 2205 2215 2222 2235 2236 2239 2242 2237
3265 3237 3210 3185 3162 3138 3114 3091 3069 3047 3024 3003 2991 2982 2976 2972 2976 2983 2987 2982 2983 2981 2976 2971 2961 2947 2931 2905 2882 2868 2869 2872 2874 2878 2881 2887 2889 2890 2891 2891 2890 2891 2889 2887 2878 2873 2869 2867 2867 2870 2878 2887 2900 2901 2887 2861 2832 2806 2763 2712 2677 2645 2613 2573 2527 2487 2455 2426 2397 2363 2329 2296 2258 2230 2219 2221 2238 2253 2260 2271 2272 2277 2282 2281
3272 3247 3221 3195 3172 3147 3124 3100 3077 3054 3028 3007 2999 2998 2999 2998 3002 3008 3012 3008 3008 3006 3001 2996 2986 2974 2957 2932 2910 2895 2896 2897 2898 2899 2900 2905 2907 2907 2908 2909 2909 2909 2908 2904 2899 2893 2890 2889 2888 2889 2892 2898 2905 2910 2896 2864 2829 2796 2745 2694 2656 2623 2589 2547 2502 2467 2435 2404 2369 2331 2299 2273 2249 2242 2249 2260 2278 2290 2298 2305 2305 2309 2313 2313
3269 3248 3224 3201 3177 3153 3130 3104 3080 3055 3034 3018 3009 3014 3020 3022 3025 3031 3036 3033 3033 3029 3025 3021 3012 3003 2988 2967 2945 2927 2926 2926 2920 2919 2925 2931 2933 2935 2937 2940 2941 2937 2932 2922 2911 2903 2900 2897 2895 2896 2898 2904 2906 2911 2892 2855 2814 2770 2720 2678 2638 2600 2559 2519 2481 2445 2412 2383 2340 2306 2295 2276 2275 2284 2292 2300 2310 2322 2329 2335 2337 2339 2344 2344
3268 3250 3230 3208 3187 3162 3133 3104 3082 3063 3046 3032 3026 3034 3042 3046 3048 3054 3059 3058 3057 3053 3049 3045 3037 3028 3015 3002 2983 2963 2957 2948 2941 2942 2953 2961 2961 2961 2964 2961 2954 2945 2935 2925 2916 2904 2896 2893 2891 2890 2889 2889 2893 2887 2863 2832 2792 2745 2694 2654 2617 2579 2538 2497 2459 2422 2398 2375 2340 2313 2304 2305 2316 2323 2333 2341 2348 2361 2367 2367 2368 2366 2366 2363
3266 3248 3229 3213 3193 3166 3138 3110 3090 3075 3059 3047 3046 3053 3063 3068 3072 3077 3082 3083 3081 3077 3073 3069 3062 3053 3039 3024 3009 2994 2981 2967 2965 2965 2973 2979 2979 2974 2966 2951 2938 2922 2916 2912 2906 2898 2886 2879 2875 2871 2866 2865 2861 2854 2832 2804 2767 2725 2676 2628 2591 2562 2528 2490 2449 2407 2399 2388 2366 2363 2367 2368 2371 2372 2381 2383 2384 2383 2381 2378 2374 2371 2366 2362
3267 3249 3229 3211 3193 3168 3142 3116 3098 3085 3073 3063 3066 3072 3084 3091 3095 3100 3108 3111 3106 3101 3097 3093 3087 3076 3061 3043 3026 3008 2992 2984 2984 2982 2984 2982 2978 2958 2951 2926 2907 2896 2891 2890 2885 2867 2859 2855 2851 2843 2836 2836 2827 2820 2801 2771 2733 2691 2646 2598 2568 2540 2510 2484 2452 2425 2407 2404 2404 2407 2409 2407 2403 2398 2396 2389 2384 2377 2368 2361 2356 2352 2343 2335
3267 3251 3231 3213 3199 3173 3146 3121 3099 3095 3086 3080 3084 3091 3103 3117 3124 3131 3138 3144 3144 3137 3131 3125 3113 3096 3078 3056 3033 3013 2998 2994 2993 2989 2983 2973 2962 2937 2923 2906 2880 2857 2845 2838 2835 2828 2823 2821 2820 2813 2808 2808 2798 2782 2762 2734 2696 2651 2605 2573 2543 2515 2499 2489 2474 2456 2441 2434 2437 2437 2431 2418 2405 2389 2367 2353 2346 2342 2329 2324 2321 2319 2312 2306
3266 3253 3234 3214 3200 3175 3149 3126 3109 3103 3098 3097 3103 3114 3129 3146 3155 3162 3169 3176 3179 3177 3171 3157 3133 3107 3082 3057 3032 3010 2994 2993 2990 2982 2968 2951 2936 2920 2905 2881 2850 2824 2803 2788 2783 2783 2784 2783 2784 2780 2773 2771 2760 2742 2720 2692 2650 2606 2573 2542 2514 2495 2493 2494 2493 2485 2474 2463 2461 2448 2428 2408 2383 2341 2314 2305 2304 2303 2298 2293 2294 2294 2289 2284
3263 3252 3234 3215 3202 3183 3164 3149 3137 3132 3123 3122 3130 3141 3156 3173 3186 3192 3199 3200 3200 3200 3200 3171 3138 3105 3068 3038 3016 2995 2978 2976 2976 2964 2948 2929 2913 2900 2876 2847 2817 2785 2743 2715 2715 2723 2730 2736 2741 2742 2734 2728 2719 2705 2677 2641 2599 2568 2540 2510 2488 2475 2476 2484 2490 2488 2482 2472 2454 2434 2406 2382 2347 2304 2267 2260 2264 2270 2269 2268 2271 2271 2267 2261
3258 3250 3235 3219 3206 3200 3190 3179 3169 3156 3148 3147 3156 3167 3182 3199 3201 3201 3202 3202 3202 3201 3200 3160 3118 3080 3041 3008 2989 2975 2959 2949 2948 2934 2918 2906 2887 2864 2841 2812 2778 2738 2698 2676 2674 2680 2687 2692 2697 2704 2696 2687 2674 2659 2634 2601 2564 2530 2503 2481 2460 2449 2449 2459 2471 2473 2467 2454 2430 2413 2384 2351 2319 2261 2218 2216 2225 2235 2239 2244 2249 2249 2245 2239
3253 3249 3238 3224 3213 3207 3203 3201 3191 3179 3172 3172 3182 3193 3200 3202 3204 3205 3204 3204 3202 3201 3186 3136 3088 3041 3003 2982 2964 2950 2936 2923 2918 2907 2889 2872 2851 2828 2805 2774 2738 2698 2667 2647 2641 2650 2657 2661 2664 2666 2658 2649 2636 2614 2587 2559 2524 2492 2471 2451 2430 2420 2420 2431 2438 2441 2436 2423 2406 2387 2359 2325 2283 2205 2182 2177 2185 2205 2214 2222 2227 2226 2223 2217
3248 3246 3239 3230 3219 3214 3208 3204 3201 3198 3193 3193 3200 3202 3203 3205 3207 3207 3206 3203 3201 3200 3149 3099 3050 2997 2977 2955 2938 2923 2911 2899 2888 2876 2852 2833 2814 2789 2761 2731 2697 2665 2630 2612 2609 2621 2627 2632 2632 2628 2620 2612 2596 2567 2538 2511 2488 2465 2442 2420 2400 2388 2395 2406 2404 2409 2408 2396 2368 2350 2326 2295 2232 2185 2158 2143 2138 2159 2200 2203 2205 2203 2200 2187
3241 3239 3236 3231 3223 3218 3211 3207 3207 3204 3202 3203 3204 3206 3207 3208 3209 3207 3205 3202 3200 3160 3100 3072 3031 2989 2958 2930 2910 2895 2880 2865 2851 2838 2815 2792 2769 2744 2717 2689 2663 2633 2599 2575 2575 2588 2595 2603 2601 2589 2578 2565 2545 2513 2493 2480 2461 2439 2415 2389 2360 2342 2341 2356 2357 2367 2364 2345 2320 2307 2286 2242 2191 2165 2137 2114 2097 2099 2120 2131 2133 2134 2133 2128
3232 3232 3231 3227 3223 3217 3212 3211 3214 3213 3213 3212 3211 3210 3210 3210 3209 3207 3204 3201 3180 3119 3094 3070 3031 2994 2956 2918 2886 2864 2845 2829 2814 2799 2775 2745 2717 2692 2673 2649 2623 2597 2565 2536 2532 2543 2545 2556 2556 2545 2532 2515 2495 2477 2466 2456 2435 2414 2384 2348 2319 2298 2292 2298 2306 2310 2305 2295 2278 2263 2239 2198 2169 2141 2115 2091 2069 2064 2072 2073 2075 2076 2079 2084
3223 3223 3222 3219 3215 3212 3210 3212 3215 3218 3218 3218 3217 3215 3214 3212 3208 3205 3201 3195 3158 3111 3101 3084 3047 3007 2966 2921 2879 2842 2814 2796 2781 2757 2727 2700 2679 2656 2632 2608 2578 2542 2521 2496 2492 2498 2496 2506 2507 2500 2487 2473 2459 2442 2439 2432 2411 2382 2348 2311 2284 2267 2261 2265 2270 2271 2267 2259 2243 2223 2196 2172 2148 2120 2092 2062 2036 2029 2025 2025 2028 2027 2038 2057
3211 3211 3211 3208 3205 3204 3202 3203 3208 3216 3219 3222 3223 3222 3220 3216 3210 3204 3200 3191 3160 3124 3108 3099 3072 3028 2980 2933 2887 2839 2799 2779 2755 2728 2697 2671 2649 2625 2600 2570 2533 2500 2496 2478 2453 2442 2438 2445 2451 2446 2439 2433 2423 2411 2410 2407 2374 2335 2306 2283 2255 2237 2231 2232 2234 2234 2231 2222 2207 2187 2165 2141 2119 2099 2067 2040 2029 2022 2015 2009 2005 2002 2012 2032
3201 3201 3201 3198 3193 3187 3184 3193 3202 3208 3214 3220 3224 3225 3224 3220 3213 3206 3201 3200 3189 3171 3151 3125 3091 3040 2990 2944 2897 2842 2794 2770 2742 2713 2682 2652 2623 2601 2587 2551 2511 2499 2494 2472 2435 2405 2397 2392 2395 2392 2390 2391 2381 2374 2360 2331 2299 2287 2270 2250 2226 2206 2200 2199 2197 2196 2192 2179 2168 2151 2130 2107 2089 2066 2051 2047 2054 2055 2050 2035 2021 2001 2001 2010
3188 3188 3187 3180 3168 3161 3164 3179 3197 3204 3211 3218 3224 3227 3227 3224 3218 3210 3205 3204 3201 3199 3170 3131 3090 3046 3001 2953 2903 2853 2802 2772 2741 2709 2676 2639 2608 2599 2589 2559 2521 2499 2497 2476 2445 2406 2386 2362 2341 2327 2318 2331 2321 2297 2284 2276 2257 2238 2228 2216 2199 2190 2171 2154 2143 2133 2125 2112 2114 2114 2099 2097 2084 2085 2082 2084 2092 2097 2095 2083 2059 2024 1999 1999
3174 3174 3171 3162 3150 3146 3152 3168 3193 3203 3210 3217 3224 3228 3229 3227 3221 3215 3212 3207 3203 3200 3183 3137 3092 3045 2997 2949 2904 2849 2797 2767 2736 2704 2671 2635 2602 2600 2598 2581 2554 2536 2521 2504 2486 2456 2422 2394 2363 2344 2319 2315 2299 2279 2259 2240 2224 2212 2204 2201 2196 2192 2181 2176 2152 2139 2129 2123 2122 2105 2099 2105 2114 2127 2126 2124 2123 2126 2121 2109 2085 2049 2013 1996
3160 3159 3155 3144 3136 3138 3148 3161 3188 3202 3208 3216 3224 3229 3231 3230 3226 3223 3217 3211 3205 3201 3173 3130 3087 3038 2994 2949 2904 2845 2791 2757 2726 2696 2668 2633 2607 2600 2604 2604 2597 2582 2564 2542 2526 2506 2475 2440 2416 2407 2382 2359 2327 2293 2275 2251 2239 2230 2223 2225 2223 2221 2218 2216 2202 2202 2198 2192 2192 2194 2190 2180 2184 2178 2174 2167 2159 2153 2140 2123 2104 2071 2032 2001
3146 3145 3138 3129 3128 3136 3149 3165 3183 3200 3207 3215 3223 3229 3233 3233 3231 3227 3221 3214 3207 3202 3173 3128 3083 3039 2992 2945 2895 2831 2782 2746 2713 2698 2683 2658 2638 2638 2644 2642 2635 2623 2599 2575 2558 2538 2514 2487 2464 2446 2423 2407 2389 2357 2319 2292 2285 2277 2269 2266 2266 2260 2254 2249 2243 2243 2245 2239 2238 2238 2231 2226 2227 2219 2212 2201 2187 2172 2154 2132 2112 2087 2055 2025
3131 3131 3124 3122 3128 3140 3155 3171 3186 3200 3206 3214 3223 3230 3234 3235 3233 3229 3222 3214 3206 3200 3164 3122 3076 3022 2976 2935 2882 2810 2769 2729 2699 2700 2698 2689 2679 2682 2684 2679 2673 2662 2634 2610 2590 2570 2548 2524 2503 2483 2461 2447 2430 2416 2403 2365 2340 2326 2315 2309 2308 2299 2293 2290 2288 2282 2293 2288 2280 2275 2269 2270 2266 2252 2240 2222 2202 2183 2160 2135 2113 2097 2066 2035
3119 3118 3117 3121 3132 3146 3161 3175 3188 3200 3206 3214 3222 3229 3234 3236 3237 3233 3226 3217 3208 3197 3151 3111 3057 3002 2962 2924 2870 2798 2771 2740 2717 2710 2705 2700 2723 2733 2728 2717 2710 2698 2671 2646 2623 2604 2584 2562 2539 2518 2501 2487 2467 2451 2436 2417 2402 2386 2377 2368 2358 2346 2335 2331 2328 2320 2328 2321 2309 2300 2293 2289 2279 2261 2243 2218 2197 2176 2154 2133 2110 2089 2059 2029
3107 3109 3114 3124 3137 3150 3163 3176 3188 3200 3207 3214 3222 3228 3233 3238 3240 3239 3234 3225 3213 3198 3147 3099 3039 2986 2939 2901 2859 2806 2793 2777 2776 2778 2780 2782 2786 2790 2771 2754 2743 2725 2704 2677 2653 2632 2615 2597 2572 2553 2537 2521 2503 2485 2467 2448 2431 2420 2415 2410 2403 2388 2375 2369 2369 2364 2357 2336 2313 2297 2285 2277 2261 2233 2216 2202 2179 2160 2143 2124 2105 2070 2039 2009
3098 3105 3115 3126 3138 3150 3162 3174 3186 3197 3206 3214 3220 3225 3232 3238 3242 3243 3240 3232 3213 3189 3142 3094 3013 2974 2928 2891 2859 2841 2821 2852 2864 2857 2852 2846 2840 2828 2807 2789 2773 2751 2728 2705 2680 2657 2638 2620 2603 2588 2569 2550 2532 2515 2497 2477 2458 2453 2446 2434 2415 2401 2400 2392 2388 2378 2351 2319 2297 2278 2257 2242 2224 2204 2183 2168 2150 2129 2120 2107 2082 2042 2009 1986
3100 3104 3114 3125 3137 3149 3162 3174 3185 3197 3204 3212 3217 3223 3229 3237 3243 3245 3243 3231 3210 3182 3139 3086 2996 2970 2935 2910 2914 2919 2924 2929 2931 2921 2912 2899 2883 2858 2837 2818 2798 2775 2752 2728 2702 2679 2659 2638 2619 2603 2597 2577 2559 2538 2519 2501 2481 2480 2472 2452 2421 2403 2396 2380 2366 2350 2318 2293 2272 2252 2232 2211 2192 2168 2143 2125 2115 2098 2086 2067 2031 1999 1982 1957
3098 3104 3116 3127 3139 3151 3162 3173 3185 3195 3202 3208 3212 3215 3219 3225 3233 3237 3248 3235 3209 3173 3129 3076 2999 2991 2976 2963 2970 2977 2979 2982 2978 2967 2950 2930 2906 2883 2859 2836 2814 2798 2777 2751 2722 2696 2674 2649 2624 2605 2600 2597 2578 2556 2534 2514 2498 2491 2479 2454 2420 2399 2376 2356 2334 2311 2289 2268 2245 2226 2208 2180 2149 2128 2106 2080 2070 2060 2042 2021 1999 1982 1965 1950
