src/main/resources/dem4.txt
ncols         205
nrows         204
xllcorner     0
yllcorner     0
cellsize      2
NODATA_value  9999
[rows 0 to 37 of 204, columns 0 to 83 of 205]
9999 9999 9999 9999 9999 9999 9999 9999 9999 9999 9999 9999 9999 9999 9999 9999 9999 9999 9999 9999 9999 9999 9999 9999 9999 9999 9999 9999 9999 9999 9999 9999 9999 9999 9999 9999 9999 9999 9999 9999 9999 9999 9999 9999 9999 9999 9999 9999 9999 9999 9999 9999 9999 9999 9999 9999 9999 9999 9999 9999 9999 9999 9999 9999 9999 9999 9999 9999 9999 9999 9999 9999 9999 9999 9999 9999 9999 9999 9999 9999 9999 9999 9999 9999
3322 3301 3276 3230 3189 3155 3124 3099 3075 3048 3020 2986 2942 2896 2876 2812 2789 2772 2755 2737 2718 2696 2682 2656 2630 2617 2612 2605 2596 2582 2570 2563 2558 2556 2558 2560 2560 2559 2556 2553 2547 2537 2527 2514 2504 2480 2461 2431 2413 2397 2384 2376 2360 2348 2339 2328 2322 2320 2310 2297 2285 2272 2263 2251 2248 2280 2301 2330 2360 2369 2339 2308 2274 2232 2202 2167 2151 2147 2145 2147 2171 2197 2217 2234
3306 3283 3248 3209 3175 3142 3109 3079 3055 3032 3006 2965 2919 2877 2834 2799 2786 2770 2756 2735 2714 2704 2695 2677 2666 2651 2646 2627 2603 2602 2604 2606 2606 2598 2598 2600 2598 2591 2594 2584 2575 2569 2557 2545 2533 2512 2494 2478 2457 2437 2424 2416 2397 2385 2377 2364 2356 2346 2315 2299 2294 2284 2263 2246 2236 2241 2267 2294 2322 2354 2357 2332 2300 2263 2232 2206 2187 2173 2153 2138 2162 2191 2212 2228
3275 3252 3217 3181 3145 3115 3089 3062 3035 3012 2978 2931 2891 2851 2810 2796 2791 2781 2772 2758 2744 2740 2729 2717 2710 2699 2684 2660 2636 2636 2643 2649 2651 2647 2649 2650 2642 2636 2632 2618 2610 2600 2588 2576 2561 2545 2531 2516 2496 2476 2461 2448 2431 2423 2411 2399 2388 2370 2347 2334 2322 2307 2292 2271 2243 2224 2229 2259 2293 2318 2345 2343 2315 2288 2258 2233 2210 2191 2158 2133 2137 2174 2204 2222
3244 3220 3190 3153 3116 3084 3061 3037 3013 2978 2930 2890 2850 2817 2803 2799 2798 2797 2793 2786 2784 2778 2766 2755 2748 2735 2718 2697 2672 2668 2678 2689 2696 2697 2699 2695 2687 2680 2668 2657 2650 2637 2623 2609 2596 2583 2569 2550 2530 2511 2496 2483 2470 2456 2442 2431 2418 2401 2386 2373 2355 2337 2319 2300 2276 2235 2215 2220 2258 2296 2319 2334 2327 2304 2278 2253 2229 2206 2178 2136 2124 2148 2189 2211
3214 3188 3159 3125 3090 3056 3028 3007 2973 2921 2888 2849 2825 2816 2824 2824 2824 2825 2820 2817 2817 2811 2801 2793 2785 2771 2752 2729 2704 2701 2714 2731 2740 2743 2743 2737 2730 2722 2706 2697 2687 2674 2660 2646 2632 2618 2603 2584 2564 2545 2530 2518 2505 2487 2474 2462 2447 2430 2418 2403 2383 2364 2344 2324 2302 2268 2225 2207 2224 2263 2297 2313 2321 2310 2291 2266 2242 2218 2194 2151 2119 2123 2167 2194
3178 3151 3125 3093 3058 3024 3000 2976 2932 2896 2876 2861 2844 2850 2861 2857 2858 2857 2851 2848 2845 2840 2830 2823 2816 2805 2786 2765 2746 2738 2754 2772 2783 2787 2786 2778 2771 2764 2750 2739 2726 2711 2696 2683 2667 2651 2637 2617 2598 2579 2564 2552 2535 2517 2506 2492 2475 2459 2445 2428 2408 2388 2366 2343 2319 2293 2248 2208 2203 2228 2266 2299 2309 2306 2293 2273 2250 2226 2204 2167 2123 2114 2143 2167
3141 3111 3091 3064 3028 3000 2995 2969 2921 2899 2903 2905 2899 2896 2896 2890 2891 2888 2882 2878 2874 2869 2859 2851 2842 2830 2816 2806 2790 2777 2795 2808 2815 2818 2816 2811 2807 2804 2794 2779 2765 2749 2733 2718 2700 2685 2671 2651 2630 2611 2598 2585 2566 2549 2533 2517 2502 2487 2472 2455 2432 2404 2379 2354 2330 2305 2271 2226 2202 2203 2232 2273 2297 2304 2295 2280 2258 2234 2210 2179 2137 2109 2116 2136
3112 3098 3077 3044 3011 3000 2997 2981 2947 2936 2946 2944 2941 2936 2937 2930 2929 2923 2916 2910 2903 2897 2888 2879 2868 2856 2845 2833 2815 2810 2825 2834 2840 2842 2839 2835 2831 2826 2818 2809 2802 2785 2767 2749 2730 2717 2702 2681 2659 2641 2627 2611 2593 2574 2555 2535 2519 2504 2499 2478 2450 2418 2387 2360 2333 2306 2275 2241 2210 2193 2211 2245 2268 2280 2291 2286 2274 2250 2216 2179 2133 2100 2099 2107
3107 3096 3078 3048 3023 3009 2999 2996 2990 2991 2989 2983 2985 2977 2977 2973 2968 2962 2955 2948 2942 2935 2922 2908 2896 2885 2872 2857 2842 2844 2856 2861 2866 2867 2863 2860 2854 2849 2838 2829 2815 2804 2796 2777 2758 2737 2717 2701 2685 2664 2643 2622 2604 2588 2569 2551 2534 2511 2501 2502 2470 2429 2393 2364 2336 2308 2276 2242 2210 2194 2200 2216 2231 2240 2251 2272 2275 2259 2217 2178 2132 2098 2088 2088
3122 3099 3086 3069 3057 3045 3040 3036 3034 3036 3034 3026 3029 3021 3019 3016 3008 3000 2993 2987 2981 2974 2960 2946 2932 2917 2898 2883 2871 2879 2887 2889 2892 2891 2886 2883 2877 2869 2856 2839 2821 2807 2800 2796 2772 2747 2723 2704 2697 2671 2646 2623 2604 2594 2581 2568 2549 2518 2501 2500 2464 2424 2389 2359 2330 2302 2272 2239 2206 2184 2195 2202 2202 2207 2214 2229 2255 2250 2216 2180 2140 2101 2082 2073
3148 3123 3098 3096 3090 3087 3087 3084 3078 3080 3081 3075 3072 3070 3063 3059 3051 3043 3036 3027 3020 3011 2997 2983 2969 2954 2932 2910 2903 2914 2921 2924 2925 2918 2909 2903 2897 2883 2865 2843 2822 2807 2800 2800 2776 2748 2722 2702 2692 2666 2638 2615 2599 2591 2587 2575 2554 2520 2501 2480 2437 2399 2371 2343 2315 2287 2260 2230 2200 2171 2191 2200 2200 2198 2198 2201 2224 2232 2213 2183 2145 2109 2085 2064
3176 3147 3128 3113 3122 3123 3124 3122 3118 3120 3120 3115 3113 3113 3106 3101 3094 3086 3079 3066 3059 3048 3034 3020 3007 2989 2964 2943 2942 2951 2958 2966 2962 2948 2934 2919 2904 2891 2868 2842 2819 2805 2800 2795 2765 2738 2714 2690 2660 2639 2617 2599 2591 2587 2582 2568 2547 2515 2488 2450 2410 2371 2345 2319 2293 2262 2240 2216 2187 2157 2179 2200 2196 2182 2180 2183 2195 2210 2205 2190 2158 2121 2092 2064
3197 3174 3163 3155 3156 3156 3157 3156 3155 3157 3154 3149 3150 3146 3142 3138 3130 3122 3114 3103 3097 3086 3072 3054 3041 3020 2997 2979 2982 2989 2995 2998 2991 2975 2957 2937 2913 2887 2861 2837 2815 2802 2800 2758 2730 2706 2676 2644 2615 2604 2588 2575 2567 2565 2562 2549 2516 2491 2451 2412 2373 2334 2309 2287 2245 2230 2213 2194 2164 2141 2157 2192 2189 2160 2144 2147 2162 2185 2191 2178 2154 2128 2103 2073
3215 3207 3201 3195 3189 3189 3190 3191 3192 3193 3188 3186 3185 3178 3179 3175 3166 3153 3141 3130 3124 3114 3104 3087 3076 3054 3029 3011 3021 3035 3033 3017 2994 2982 2967 2944 2911 2878 2846 2817 2802 2782 2748 2709 2696 2663 2629 2597 2570 2562 2552 2545 2538 2534 2528 2517 2482 2447 2408 2359 2321 2290 2270 2248 2202 2198 2186 2166 2142 2128 2131 2131 2139 2134 2114 2111 2132 2155 2163 2155 2135 2116 2103 2085
3250 3249 3248 3239 3234 3238 3236 3237 3236 3236 3230 3224 3220 3212 3214 3208 3197 3181 3169 3159 3146 3129 3114 3101 3100 3085 3062 3057 3069 3067 3045 3010 2990 2978 2963 2933 2900 2861 2823 2793 2762 2728 2692 2659 2628 2594 2558 2530 2521 2515 2512 2511 2508 2504 2495 2481 2438 2403 2344 2297 2272 2237 2228 2217 2201 2194 2182 2165 2152 2134 2119 2112 2107 2108 2098 2099 2105 2125 2134 2127 2114 2104 2100 2097
3292 3293 3293 3287 3289 3294 3285 3288 3282 3280 3278 3265 3255 3247 3240 3227 3212 3199 3192 3176 3157 3136 3116 3103 3100 3100 3086 3077 3071 3056 3016 2992 2975 2958 2942 2914 2882 2846 2807 2773 2740 2704 2669 2633 2598 2541 2499 2496 2483 2474 2470 2468 2464 2455 2443 2418 2378 2325 2285 2247 2224 2209 2209 2220 2219 2219 2205 2194 2189 2172 2160 2160 2160 2140 2113 2098 2088 2099 2109 2106 2103 2100 2100 2100
3330 3328 3328 3322 3322 3325 3319 3319 3311 3302 3297 3299 3287 3275 3263 3240 3218 3203 3203 3184 3161 3137 3116 3103 3100 3100 3080 3057 3040 3017 2993 2975 2957 2937 2917 2894 2863 2829 2794 2762 2729 2695 2661 2625 2585 2537 2499 2485 2457 2435 2427 2422 2413 2402 2385 2349 2303 2276 2245 2227 2224 2234 2243 2260 2267 2267 2256 2245 2232 2210 2206 2203 2200 2177 2142 2099 2079 2076 2083 2093 2099 2100 2100 2090
3367 3363 3360 3354 3352 3352 3347 3345 3331 3314 3297 3288 3293 3293 3271 3245 3220 3203 3196 3176 3158 3134 3113 3102 3100 3085 3060 3035 3013 2994 2978 2961 2944 2923 2902 2875 2845 2815 2784 2754 2723 2690 2657 2625 2588 2545 2500 2470 2436 2406 2399 2385 2364 2341 2309 2289 2269 2255 2250 2271 2283 2293 2300 2302 2311 2312 2307 2297 2279 2252 2239 2228 2217 2202 2163 2116 2083 2062 2053 2055 2058 2068 2073 2055
3403 3398 3392 3387 3382 3379 3375 3369 3352 3328 3304 3289 3286 3294 3270 3243 3219 3200 3180 3163 3144 3125 3109 3098 3083 3062 3040 3012 2992 2980 2965 2948 2930 2914 2894 2866 2838 2809 2781 2752 2723 2692 2655 2620 2583 2543 2501 2464 2426 2399 2386 2362 2332 2306 2299 2296 2292 2298 2306 2316 2326 2336 2344 2346 2350 2349 2340 2328 2310 2287 2268 2248 2225 2205 2179 2130 2098 2077 2060 2045 2034 2028 2030 2011
3438 3432 3425 3418 3411 3405 3400 3389 3369 3343 3316 3297 3298 3279 3256 3232 3210 3187 3164 3145 3127 3111 3094 3074 3057 3038 3017 2996 2979 2966 2952 2936 2917 2900 2876 2849 2821 2795 2770 2742 2712 2681 2644 2608 2572 2536 2496 2459 2421 2395 2378 2355 2328 2303 2307 2314 2324 2333 2343 2355 2368 2377 2387 2390 2389 2384 2371 2354 2332 2307 2281 2254 2227 2202 2176 2144 2118 2098 2092 2084 2070 2041 2019 2007
3473 3467 3458 3448 3434 3417 3404 3401 3379 3353 3326 3305 3287 3260 3234 3211 3191 3171 3149 3128 3108 3089 3068 3048 3030 3013 2995 2981 2967 2952 2938 2924 2907 2886 2862 2838 2812 2784 2756 2730 2701 2669 2635 2599 2556 2518 2484 2451 2415 2396 2386 2368 2345 2322 2336 2343 2355 2367 2379 2394 2407 2413 2419 2420 2417 2409 2398 2376 2348 2318 2286 2246 2208 2197 2188 2164 2143 2128 2122 2117 2104 2079 2040 2009
3500 3497 3486 3469 3447 3425 3407 3399 3375 3350 3325 3303 3272 3244 3217 3193 3172 3151 3130 3109 3086 3062 3041 3021 3003 2987 2975 2963 2952 2938 2924 2910 2894 2874 2850 2827 2804 2777 2749 2720 2689 2655 2623 2588 2541 2498 2465 2432 2400 2400 2396 2387 2371 2356 2368 2376 2386 2398 2417 2429 2439 2443 2447 2445 2440 2424 2406 2389 2358 2328 2294 2247 2203 2199 2196 2186 2173 2163 2151 2142 2126 2107 2079 2041
3508 3500 3502 3480 3455 3429 3408 3387 3363 3339 3315 3290 3259 3229 3200 3176 3155 3134 3113 3088 3059 3033 3010 2993 2978 2963 2951 2943 2933 2922 2910 2895 2877 2858 2837 2814 2789 2760 2733 2707 2676 2640 2605 2561 2516 2478 2445 2413 2400 2400 2400 2399 2392 2385 2394 2407 2436 2453 2462 2466 2472 2474 2473 2469 2457 2432 2409 2396 2350 2305 2246 2212 2209 2209 2214 2213 2205 2191 2178 2165 2147 2128 2108 2070
3516 3501 3499 3476 3449 3422 3398 3373 3348 3324 3302 3272 3241 3213 3186 3161 3138 3117 3096 3065 3034 3006 2985 2969 2952 2937 2924 2918 2912 2904 2893 2877 2860 2842 2822 2801 2772 2743 2714 2684 2653 2620 2581 2537 2493 2454 2417 2400 2400 2400 2400 2400 2400 2425 2460 2482 2500 2503 2503 2503 2503 2501 2497 2489 2464 2432 2407 2391 2325 2261 2223 2230 2258 2253 2257 2252 2242 2222 2202 2187 2170 2151 2130 2109
3520 3502 3485 3462 3431 3404 3381 3358 3332 3307 3281 3253 3220 3193 3168 3143 3119 3097 3070 3041 3010 2987 2967 2948 2928 2912 2899 2892 2887 2881 2873 2860 2843 2825 2807 2781 2753 2727 2697 2661 2633 2601 2552 2505 2466 2426 2400 2400 2400 2400 2424 2456 2490 2513 2535 2545 2556 2544 2537 2531 2524 2514 2505 2491 2458 2422 2392 2345 2290 2261 2284 2299 2306 2303 2298 2290 2278 2258 2236 2213 2193 2172 2151 2131
3508 3487 3465 3441 3415 3388 3364 3341 3318 3291 3260 3233 3202 3175 3149 3122 3098 3071 3044 3017 2991 2971 2951 2931 2910 2889 2874 2864 2858 2856 2851 2841 2826 2809 2785 2757 2730 2704 2674 2637 2608 2565 2512 2468 2433 2400 2400 2428 2457 2487 2509 2531 2569 2582 2580 2562 2560 2556 2548 2538 2527 2516 2503 2471 2431 2396 2352 2307 2297 2313 2323 2327 2331 2327 2322 2316 2306 2288 2265 2242 2215 2191 2171 2151
3486 3467 3445 3422 3398 3373 3348 3324 3301 3273 3241 3212 3186 3161 3134 3108 3077 3046 3017 2993 2976 2956 2935 2915 2894 2872 2851 2836 2829 2830 2828 2822 2808 2786 2757 2729 2703 2676 2647 2613 2568 2517 2468 2420 2412 2423 2464 2501 2515 2527 2542 2572 2592 2585 2537 2500 2503 2516 2518 2513 2509 2505 2482 2438 2398 2346 2317 2307 2321 2345 2353 2355 2356 2352 2346 2337 2324 2310 2292 2267 2238 2209 2186 2164
3467 3447 3426 3403 3380 3356 3331 3307 3281 3253 3222 3192 3167 3141 3116 3091 3061 3028 2997 2976 2959 2941 2920 2900 2878 2855 2832 2814 2803 2804 2803 2799 2783 2754 2726 2699 2672 2645 2618 2583 2530 2489 2451 2453 2478 2505 2523 2539 2552 2562 2573 2592 2589 2577 2537 2498 2482 2483 2486 2486 2484 2473 2443 2400 2351 2318 2323 2347 2361 2377 2383 2384 2381 2376 2368 2356 2342 2327 2310 2287 2257 2227 2196 2172
3452 3431 3408 3386 3363 3340 3316 3290 3262 3234 3204 3177 3150 3124 3097 3071 3044 3013 2985 2960 2940 2924 2905 2885 2860 2837 2815 2795 2776 2766 2763 2759 2742 2716 2693 2669 2643 2614 2586 2550 2513 2497 2497 2509 2527 2545 2564 2578 2587 2588 2587 2575 2567 2551 2525 2499 2470 2447 2441 2441 2442 2430 2409 2375 2343 2354 2379 2394 2403 2409 2412 2409 2404 2398 2388 2374 2359 2341 2322 2302 2271 2236 2201 2175
3440 3418 3395 3370 3347 3324 3301 3274 3245 3217 3189 3162 3136 3109 3083 3057 3030 3001 2975 2947 2921 2905 2894 2874 2848 2821 2800 2785 2759 2736 2722 2717 2702 2681 2661 2639 2614 2586 2549 2519 2500 2503 2522 2544 2563 2585 2600 2600 2600 2598 2572 2544 2537 2527 2519 2506 2483 2447 2425 2413 2412 2411 2399 2377 2390 2413 2429 2435 2437 2437 2434 2428 2421 2414 2404 2390 2372 2352 2333 2312 2284 2248 2211 2181
3425 3403 3380 3355 3331 3307 3283 3257 3229 3200 3174 3147 3121 3095 3072 3048 3023 2997 2970 2941 2913 2899 2893 2871 2843 2816 2796 2788 2753 2722 2698 2699 2679 2651 2629 2609 2584 2552 2519 2503 2507 2532 2554 2577 2597 2601 2602 2602 2601 2595 2549 2530 2525 2536 2536 2522 2501 2468 2438 2421 2426 2431 2429 2433 2462 2471 2478 2475 2467 2461 2453 2445 2436 2426 2413 2401 2382 2363 2342 2319 2292 2254 2214 2181
3408 3385 3362 3338 3314 3290 3265 3240 3212 3185 3159 3132 3106 3082 3060 3037 3014 2991 2968 2942 2918 2899 2895 2872 2844 2822 2805 2789 2755 2718 2698 2686 2658 2626 2598 2576 2547 2520 2509 2514 2535 2566 2589 2600 2602 2604 2604 2603 2600 2582 2550 2541 2557 2566 2557 2542 2519 2493 2468 2459 2467 2471 2491 2502 2508 2510 2508 2504 2493 2482 2469 2460 2448 2434 2418 2407 2395 2373 2350 2324 2296 2256 2215 2181
3390 3367 3343 3320 3297 3272 3246 3222 3197 3171 3144 3118 3092 3070 3047 3024 3002 2984 2964 2942 2920 2900 2895 2873 2851 2830 2810 2788 2757 2727 2698 2672 2640 2609 2574 2541 2526 2520 2529 2551 2579 2600 2600 2602 2604 2606 2605 2602 2598 2578 2574 2583 2592 2589 2580 2565 2544 2520 2495 2496 2503 2507 2511 2520 2525 2526 2521 2515 2507 2497 2485 2473 2456 2435 2421 2412 2403 2385 2358 2327 2292 2253 2214 2181
3375 3349 3325 3302 3277 3253 3228 3203 3179 3155 3129 3103 3080 3057 3035 3012 2991 2974 2957 2939 2921 2904 2888 2867 2844 2822 2805 2786 2755 2724 2693 2661 2628 2596 2557 2541 2548 2559 2575 2592 2601 2600 2597 2596 2600 2605 2603 2595 2599 2598 2602 2608 2611 2608 2603 2594 2578 2562 2538 2536 2536 2532 2533 2541 2543 2540 2533 2526 2517 2508 2499 2482 2458 2437 2425 2416 2408 2399 2366 2327 2285 2246 2206 2175
3364 3336 3309 3282 3255 3234 3214 3188 3161 3137 3114 3089 3065 3043 3021 2999 2981 2962 2946 2930 2914 2898 2873 2851 2829 2811 2793 2769 2741 2711 2682 2651 2618 2584 2559 2573 2592 2604 2610 2619 2614 2603 2595 2591 2595 2596 2597 2598 2600 2608 2619 2625 2628 2624 2618 2612 2607 2604 2589 2575 2568 2558 2558 2561 2558 2551 2544 2535 2526 2517 2507 2492 2463 2442 2427 2418 2409 2401 2374 2324 2280 2240 2200 2170
3357 3327 3297 3264 3233 3207 3190 3171 3146 3120 3095 3071 3049 3027 3005 2986 2968 2950 2933 2917 2902 2878 2854 2830 2810 2789 2764 2743 2717 2692 2665 2637 2608 2582 2588 2606 2623 2635 2642 2649 2643 2622 2606 2601 2600 2604 2612 2615 2616 2622 2637 2642 2644 2639 2633 2627 2623 2618 2610 2605 2597 2584 2581 2578 2570 2562 2553 2545 2536 2525 2513 2501 2476 2448 2430 2419 2409 2400 2351 2297 2265 2232 2195 2166
3346 3316 3284 3246 3212 3184 3159 3141 3127 3102 3073 3050 3028 3007 2989 2971 2953 2936 2919 2903 2879 2854 2830 2808 2784 2755 2729 2709 2692 2658 2637 2617 2598 2600 2617 2634 2652 2665 2674 2681 2678 2660 2648 2629 2631 2637 2638 2636 2637 2642 2655 2660 2660 2655 2648 2643 2639 2632 2626 2621 2612 2605 2600 2591 2580 2572 2564 2554 2542 2529 2515 2503 2488 2461 2434 2418 2407 2388 2335 2286 2250 2218 2188 2161
