src/main/resources/kedaDEM.txt
ncols         96
nrows         52
xllcorner     120.09704589845
yllcorner     35.992064077102
cellsize      1
NODATA_value  -9999
106 98 89 81 73 65 65 63 60 59 59 58 58 57 57 56 56 55 54 53 52 50 49 48 47 45 44 43 42 41 39 38 37 36 35 34 33 32 32 31 30 30 30 29 28 28 27 27 27 26 26 26 26 26 26 26 26 26 25 25 25 25 25 25 25 24 24 24 24 23 23 23 23 22 22 22 22 22 22 22 23 22 22 22 21 21 21 20 20 20 20 20 20 20 20 20 
110 99 91 83 75 69 68 64 62 61 60 60 59 59 58 58 57 56 55 53 52 51 50 48 47 46 45 44 43 41 40 38 37 36 35 34 34 33 32 32 31 30 30 30 29 28 27 27 27 26 26 26 26 26 26 26 26 26 26 26 25 25 25 25 25 25 25 24 24 23 23 23 23 23 23 22 22 22 22 22 23 22 22 22 21 21 21 21 21 20 20 20 20 20 20 20 
114 103 93 84 76 72 69 65 64 63 62 61 61 60 60 59 58 56 55 54 53 51 50 49 48 46 45 44 43 41 40 38 37 36 35 35 34 33 33 32 31 30 30 30 30 29 28 27 27 27 27 27 27 27 27 27 27 27 27 26 26 26 26 26 26 25 25 24 24 24 24 24 24 24 23 23 23 22 22 22 23 23 22 22 22 21 21 21 21 21 20 20 20 20 20 20 
112 104 97 86 78 74 70 67 66 65 64 63 62 62 61 59 57 57 56 54 53 52 51 49 48 47 46 44 43 41 40 39 38 37 36 35 34 34 33 32 31 30 30 30 30 30 29 28 28 27 27 27 27 27 27 27 27 27 27 27 26 26 26 26 26 25 25 25 24 24 24 24 24 24 24 23 23 23 23 22 23 23 23 22 22 22 21 21 21 21 20 20 20 20 20 20 
111 103 95 87 80 75 71 69 68 67 66 65 64 62 60 58 57 56 56 55 54 52 51 50 49 47 46 45 43 42 41 40 39 38 37 36 35 34 34 33 32 31 30 30 30 30 30 29 29 29 28 28 28 28 28 28 28 28 28 28 27 27 27 27 26 25 25 25 25 25 25 25 25 25 24 24 24 23 23 23 23 23 23 22 22 22 22 22 22 21 21 20 20 20 20 20 
103 95 88 83 79 77 72 71 70 69 68 66 63 61 59 57 56 55 55 55 54 53 52 50 49 48 46 45 44 43 41 41 39 38 37 37 36 35 34 33 32 31 30 30 30 30 30 30 30 30 29 29 28 28 28 28 28 28 28 28 28 27 27 27 27 26 26 25 25 25 25 25 25 25 25 24 24 24 24 24 23 23 23 23 22 22 22 22 22 22 21 21 20 20 20 20 
96 91 87 83 79 76 74 73 72 70 68 65 63 61 59 57 55 54 54 54 54 53 53 51 50 48 47 45 44 43 43 41 40 39 38 37 36 35 35 34 33 32 31 31 31 31 31 31 31 31 31 30 30 29 29 29 29 29 29 29 29 28 28 28 28 27 27 26 26 26 26 26 26 26 26 25 25 25 25 24 24 24 24 23 23 23 23 23 23 22 22 21 21 21 21 21 
92 88 84 81 79 77 74 73 72 70 68 66 63 61 59 57 55 55 55 55 54 53 53 51 50 48 47 45 44 44 42 41 40 39 38 37 36 36 35 34 33 32 31 31 31 31 31 31 32 32 31 31 30 29 29 29 29 29 29 29 29 29 29 28 28 28 27 26 26 26 26 26 26 26 26 25 25 25 25 25 24 24 24 23 23 23 23 23 23 23 22 22 21 21 22 22 
89 86 84 82 80 78 75 73 72 70 68 66 65 62 59 57 56 56 56 55 54 53 52 51 50 48 47 45 45 44 42 41 40 39 39 38 37 36 36 35 34 33 32 32 32 32 32 32 33 32 31 31 30 30 30 30 30 30 29 29 29 29 29 29 29 28 27 26 26 26 26 26 26 26 26 25 25 25 25 25 25 24 24 24 24 24 24 24 24 23 23 22 22 22 22 22 
90 87 85 83 80 78 76 74 73 71 69 67 65 63 60 58 57 57 56 55 54 53 52 51 50 48 47 46 45 44 42 41 39 39 39 39 38 37 36 35 34 33 33 33 33 33 33 33 33 32 31 31 31 31 31 30 30 30 30 30 30 30 29 29 29 28 27 27 26 26 26 26 26 26 26 26 25 25 25 25 25 24 24 24 24 24 24 24 24 24 23 23 23 23 23 23 
92 89 86 83 81 79 77 74 73 71 69 67 65 63 62 59 58 57 56 55 54 53 52 52 50 49 47 47 45 44 42 40 39 39 39 39 39 38 37 36 35 34 34 34 34 34 34 33 33 32 32 32 32 31 31 31 31 31 31 31 30 30 30 29 29 28 27 27 27 27 27 27 27 27 26 26 26 25 25 25 25 25 25 25 25 25 25 25 25 24 24 24 24 24 24 24 
96 91 87 84 82 79 77 75 73 71 70 68 66 64 62 60 58 57 56 55 54 53 52 52 50 49 48 46 45 43 42 40 39 39 38 38 39 38 37 37 36 35 35 35 35 34 34 33 33 33 33 32 32 32 32 32 32 32 31 31 31 30 30 29 29 28 27 27 27 27 27 27 27 27 26 26 26 26 25 25 25 25 25 25 25 25 25 25 25 25 24 24 25 24 24 24 
100 95 91 87 83 80 78 76 74 72 70 68 66 64 62 60 59 57 56 55 54 53 52 51 50 49 48 46 45 43 42 41 40 39 39 38 38 38 38 37 36 36 36 36 35 35 34 34 34 33 33 33 33 33 33 32 32 32 32 32 31 30 30 29 29 28 28 28 27 27 27 27 27 27 27 26 26 26 26 25 26 26 26 26 26 26 26 26 26 25 25 25 25 25 24 24 
101 98 94 91 87 83 79 76 74 72 70 68 67 65 63 61 60 58 57 56 55 53 52 51 50 49 48 46 45 44 43 42 41 40 40 39 39 38 38 38 37 37 36 36 36 35 35 35 35 34 34 34 34 33 33 33 33 33 32 32 31 30 30 29 29 28 28 28 28 28 27 27 27 27 27 27 26 26 26 26 26 26 26 26 26 26 26 26 26 26 26 25 25 25 24 24 
103 99 96 92 89 85 82 78 75 73 71 69 68 66 64 62 61 59 58 57 56 54 53 52 51 50 49 48 47 46 45 44 43 42 41 41 40 39 39 38 38 37 37 37 36 36 36 36 36 35 35 35 35 34 34 34 34 33 32 32 31 30 30 29 29 28 28 28 28 28 28 28 28 27 27 27 27 26 26 26 26 26 26 26 26 26 26 26 27 26 26 25 25 25 24 24 
101 97 94 90 87 84 81 78 75 73 72 71 69 67 66 64 62 61 60 58 57 56 55 54 54 53 52 51 50 48 47 45 44 43 42 42 41 40 39 38 38 38 38 37 37 37 37 37 36 36 36 35 35 35 35 34 34 33 32 32 31 30 30 29 29 28 28 28 28 28 28 28 28 27 27 27 27 26 26 26 26 26 26 26 26 26 26 26 26 26 25 25 25 24 24 23 
99 96 93 90 87 84 81 77 75 74 72 71 69 68 66 65 64 63 62 61 60 59 58 57 57 55 54 52 51 49 48 46 45 44 43 42 41 40 39 39 39 39 38 38 38 38 38 37 37 36 36 36 36 35 35 35 34 33 32 32 31 30 30 29 29 28 28 28 28 28 29 28 28 28 27 27 27 27 26 26 26 26 26 26 26 26 26 27 26 26 25 25 24 24 23 23 
99 96 93 90 88 84 80 77 75 74 73 71 70 68 67 65 65 64 63 62 61 60 59 57 56 55 53 52 50 49 47 46 45 44 43 42 41 40 40 40 40 40 39 39 39 39 38 38 37 37 37 36 36 36 36 35 34 33 32 32 31 30 30 29 29 28 28 29 29 29 29 28 28 28 27 27 27 27 26 26 26 26 26 26 26 26 26 26 25 25 25 24 24 23 23 22 
99 96 94 91 87 83 79 77 76 74 73 71 70 68 66 64 66 64 63 62 61 59 57 56 55 54 53 52 50 49 47 46 45 43 42 41 41 41 41 41 40 40 40 40 40 39 39 39 38 38 37 37 37 37 36 35 34 33 33 32 31 31 30 29 29 29 29 30 30 30 29 29 28 28 28 27 27 26 26 26 26 26 26 26 26 26 27 26 25 25 25 24 24 23 23 22 
100 97 94 90 86 82 79 77 76 75 73 71 69 67 65 64 65 64 63 61 59 58 57 55 54 54 53 52 50 49 47 46 44 43 42 42 42 42 42 41 41 41 41 41 40 40 40 39 38 38 38 38 37 37 36 35 34 33 33 32 31 31 30 29 30 30 30 30 30 30 29 29 28 28 28 27 26 26 26 26 26 26 26 26 26 26 26 26 25 24 24 24 23 23 22 22 
101 97 93 89 85 81 79 78 76 74 72 70 68 66 64 65 65 63 61 59 58 57 56 54 53 53 52 51 50 48 47 45 44 43 43 43 43 43 42 42 42 42 42 41 41 41 40 40 39 39 38 38 38 37 36 35 34 33 33 32 31 31 30 30 31 31 31 31 30 30 29 29 28 28 28 27 26 26 26 26 26 26 26 26 26 27 26 25 24 24 24 24 23 23 22 21 
101 96 92 88 84 81 79 77 75 73 71 69 67 65 64 64 63 61 59 58 57 56 55 53 52 52 51 51 50 48 47 46 45 45 46 47 46 46 46 46 46 45 44 43 42 41 41 40 39 39 39 39 38 37 36 35 34 33 33 32 31 31 31 32 31 31 31 31 30 30 29 29 28 28 27 26 26 26 26 26 25 26 26 26 26 26 26 25 24 23 23 23 23 22 21 21 
102 97 92 87 83 80 78 76 74 72 70 68 66 65 64 62 61 60 59 58 57 55 54 53 52 51 51 50 50 49 48 47 46 46 47 48 49 49 50 49 49 48 47 46 45 43 42 41 40 40 40 39 39 37 36 35 34 33 33 32 32 32 33 32 32 32 32 31 31 30 30 29 29 28 27 26 26 26 26 25 25 25 26 26 27 26 26 25 24 23 23 23 23 22 22 21 
102 97 92 88 85 82 79 76 74 72 70 68 66 64 61 60 59 59 58 57 55 54 54 54 53 53 53 53 53 52 52 51 50 50 55 58 59 58 58 58 53 49 48 47 46 45 43 42 41 41 40 39 39 37 36 35 34 33 33 32 32 32 32 33 32 32 32 31 31 30 30 29 28 27 26 26 26 26 25 25 24 25 25 26 26 26 26 25 24 23 23 23 23 22 21 20 
103 97 93 90 87 83 80 77 75 73 71 69 66 64 61 59 57 57 57 56 56 56 56 55 55 55 55 55 54 54 54 54 54 57 63 68 69 68 67 62 58 54 50 49 48 47 45 43 42 41 40 39 39 38 36 35 34 34 33 33 33 33 33 33 33 32 32 31 31 30 29 29 28 27 26 26 26 26 25 24 24 24 25 25 26 26 26 25 24 24 23 23 23 22 21 21 
103 98 95 91 88 84 81 77 75 73 71 69 67 64 62 60 60 60 59 57 56 56 56 55 55 55 55 55 54 54 54 56 60 65 71 78 79 78 73 67 63 59 55 51 50 49 47 45 44 41 40 39 39 38 37 35 34 34 33 33 33 33 33 33 33 32 32 31 30 30 29 28 28 27 26 26 26 25 25 24 24 24 24 25 25 26 26 25 24 24 24 23 23 22 22 21 
103 99 96 92 89 85 82 78 76 74 72 70 67 65 64 64 64 62 61 60 58 57 56 55 55 55 55 54 54 54 58 62 67 73 79 86 89 88 79 72 68 64 60 55 51 50 49 47 47 44 41 39 39 38 37 36 35 34 34 34 34 34 33 33 33 32 31 30 30 29 29 28 28 27 26 26 26 25 24 24 24 24 24 24 25 26 26 26 25 24 24 24 23 22 22 22 
99 98 97 93 90 86 83 79 77 75 72 70 68 67 67 66 66 64 62 61 60 59 58 56 55 55 55 54 56 61 66 71 76 82 88 94 99 94 86 78 73 69 65 60 56 52 51 50 48 46 44 41 39 38 37 36 35 34 34 34 34 34 33 33 32 31 31 30 30 29 28 28 27 26 26 26 25 25 24 24 25 24 24 24 25 25 26 26 25 24 24 23 23 23 23 24 
95 94 93 92 91 87 84 80 77 75 73 71 71 70 69 68 68 66 64 62 60 59 58 57 56 55 55 60 65 70 75 80 86 91 97 103 109 100 92 84 78 74 70 65 61 57 53 51 50 47 45 43 41 38 37 36 35 35 35 34 34 33 33 32 32 31 31 30 29 29 28 28 27 26 26 25 25 25 25 25 26 25 25 25 25 25 25 26 25 25 24 24 24 24 25 25 
98 95 92 89 87 86 85 81 78 76 75 74 73 72 70 69 67 66 65 63 62 60 58 57 56 56 56 60 65 71 76 81 90 95 101 107 112 108 99 90 83 79 75 71 63 56 52 51 49 47 46 44 43 40 38 36 35 35 35 34 34 33 33 32 32 31 30 30 29 28 28 27 27 26 26 26 26 26 27 27 27 27 26 26 26 25 25 25 25 25 25 25 26 26 26 26 
101 98 95 92 90 87 84 81 79 77 76 74 73 71 70 68 67 65 64 63 62 60 59 58 57 57 58 61 66 71 76 83 94 99 105 110 116 112 108 98 89 81 74 67 59 54 52 50 49 47 45 44 42 40 39 37 36 35 35 34 34 33 33 32 32 31 30 29 29 28 28 27 27 27 27 27 28 28 28 28 29 28 28 27 27 27 26 26 26 26 26 26 26 26 26 26 
104 101 99 96 93 89 84 80 77 76 74 73 72 70 69 67 66 64 63 62 61 59 58 57 57 59 60 61 66 71 77 87 93 98 104 108 107 107 103 94 85 77 70 63 56 54 52 50 48 46 44 43 41 39 38 36 35 35 34 34 33 33 32 32 31 30 30 29 29 28 28 27 28 28 28 29 29 29 30 30 30 30 29 29 29 28 28 27 26 26 26 26 26 26 26 26 
108 103 99 95 90 86 81 78 76 75 73 72 70 69 67 66 65 63 62 61 60 59 58 58 57 60 62 63 67 72 81 86 92 96 100 99 99 99 99 90 82 74 66 59 55 54 51 49 47 45 43 42 40 38 37 35 35 35 35 34 33 32 32 31 31 30 30 29 29 28 28 28 29 28 29 29 30 30 31 31 32 31 31 30 30 29 29 28 27 26 26 26 26 26 26 26 
108 100 96 92 87 83 79 77 75 73 72 70 69 68 66 65 64 63 62 61 60 59 59 58 57 60 62 65 67 74 80 84 88 92 91 91 92 90 86 82 79 70 62 57 55 53 50 48 46 44 42 40 39 37 36 35 34 35 35 34 34 33 32 31 31 30 30 29 29 28 28 29 30 29 30 30 31 31 31 32 33 32 32 31 31 30 30 29 27 27 27 27 27 27 27 26 
109 101 93 89 84 80 77 76 74 72 71 69 68 66 65 64 64 62 61 60 60 60 59 58 58 60 63 65 68 72 76 80 84 84 85 86 82 78 74 70 66 62 59 56 54 52 49 47 45 43 41 39 38 36 35 35 34 35 35 35 34 33 32 31 31 30 30 30 29 29 29 30 31 30 30 31 31 32 32 33 34 33 33 32 32 31 31 29 28 27 27 27 27 27 27 27 
105 99 94 86 81 78 76 74 73 71 69 68 66 65 64 63 63 62 61 61 60 60 59 58 58 60 63 65 67 71 75 79 78 79 77 73 69 66 63 61 59 57 55 54 52 50 48 45 43 41 40 38 37 36 35 34 34 34 34 34 34 33 33 32 31 31 30 30 29 29 30 31 32 31 31 32 32 33 33 34 35 34 34 33 33 32 31 30 29 28 27 27 27 27 28 28 
102 96 90 84 79 77 75 73 71 70 68 67 65 64 63 63 63 62 62 61 61 60 59 58 58 61 63 65 67 71 75 74 73 70 68 66 64 62 60 58 56 53 52 50 49 47 45 43 42 40 39 37 36 35 34 34 33 34 34 34 34 34 33 32 32 31 30 30 30 30 31 32 33 32 32 32 33 34 34 35 36 35 35 34 34 33 32 30 29 28 28 28 28 28 28 28 
100 95 89 83 80 80 76 72 70 69 67 65 64 63 63 63 63 63 62 62 61 60 59 58 58 61 63 65 66 70 69 70 68 66 64 63 60 58 56 54 52 50 48 47 45 44 42 40 39 38 38 37 35 34 34 33 33 33 34 34 34 34 33 33 32 31 30 30 30 31 32 33 34 33 33 33 34 35 35 36 36 36 36 35 35 34 32 31 30 29 28 28 28 28 28 29 
98 93 88 84 81 81 81 77 73 69 66 64 63 63 63 63 64 63 63 62 62 60 59 59 59 61 63 64 66 66 67 65 63 61 59 57 56 54 53 50 48 46 45 43 42 40 39 38 37 35 34 34 35 34 34 33 33 33 34 34 34 34 34 33 32 31 31 31 31 32 34 34 35 34 34 34 35 35 36 36 36 36 37 36 36 34 33 32 31 30 29 29 29 29 30 29 
95 90 85 82 80 79 79 76 72 68 65 64 63 62 62 62 63 62 61 61 60 59 58 57 57 59 61 63 64 64 63 61 60 58 57 55 54 52 49 48 47 46 44 43 42 41 39 38 37 35 36 35 35 34 34 33 34 34 34 34 34 34 34 34 33 33 33 33 33 34 35 35 36 35 35 35 35 36 36 37 37 37 37 37 36 35 34 33 32 31 30 30 30 31 30 30 
92 87 83 80 79 77 77 75 71 68 65 64 63 63 62 62 62 61 60 59 59 58 57 56 56 58 60 61 62 61 59 58 58 57 55 54 51 50 49 47 46 45 44 43 41 40 39 38 37 36 36 36 35 35 34 35 35 35 35 35 35 35 35 35 34 34 34 34 35 35 36 37 37 37 36 36 36 36 37 37 38 38 38 37 37 37 35 34 33 32 31 31 32 32 31 31 
89 85 81 79 78 76 75 74 70 67 65 64 64 64 63 61 61 60 59 58 57 57 56 55 55 57 58 59 59 57 57 56 56 55 53 52 50 49 48 47 46 44 43 42 40 39 38 37 37 37 37 36 36 35 35 36 36 36 36 36 36 36 36 36 35 35 35 35 36 36 37 38 38 38 38 38 37 37 37 38 38 39 39 38 38 37 36 35 34 33 33 33 33 33 32 32 
87 82 80 79 77 75 74 74 70 66 65 64 64 64 64 62 61 59 58 57 56 56 55 54 54 56 57 58 56 55 55 55 55 53 52 51 49 48 47 46 44 43 42 41 39 38 38 38 38 37 37 37 36 36 37 37 37 38 37 37 37 36 36 36 36 36 36 37 37 38 38 39 40 39 39 39 39 39 39 39 39 40 39 39 38 38 38 36 35 34 34 35 34 34 33 32 
84 81 79 78 76 74 73 72 69 66 65 65 65 65 65 63 62 60 58 56 55 54 54 53 52 54 55 54 53 53 53 53 53 52 51 50 48 47 46 44 43 42 41 39 38 38 38 38 38 38 37 37 37 37 38 38 38 38 38 38 38 37 37 37 37 37 37 38 38 39 40 40 41 40 40 40 40 40 40 40 40 40 40 39 39 39 38 37 36 35 36 35 35 34 34 33 
82 80 78 77 75 73 72 70 68 66 65 65 65 65 65 65 63 61 59 57 55 53 52 52 51 53 52 52 52 51 51 51 51 50 49 48 47 46 45 43 42 41 39 39 39 39 39 39 39 38 38 38 38 39 39 39 39 39 39 39 39 38 38 38 38 38 39 39 40 40 41 41 42 42 42 42 42 41 41 41 41 41 40 40 40 39 39 39 37 37 37 36 36 35 34 33 
81 79 77 76 74 72 71 69 67 66 66 66 66 66 65 65 64 62 60 58 56 54 52 50 50 50 50 50 50 49 49 48 48 47 46 46 45 44 43 42 41 39 39 39 39 39 39 39 39 39 39 39 39 40 40 40 40 40 40 40 40 39 39 39 39 40 40 41 41 42 42 43 43 43 43 43 43 42 42 42 42 42 41 41 40 40 40 39 38 38 38 37 36 35 34 33 
80 78 76 75 73 71 70 68 67 66 66 66 66 66 66 66 66 63 61 59 57 55 53 51 49 48 48 47 47 46 46 45 45 44 43 43 42 41 41 40 40 40 40 40 40 40 40 40 40 40 40 40 41 41 41 41 42 41 41 41 41 40 40 40 41 41 42 42 43 43 44 44 45 44 44 44 44 43 43 43 43 42 42 41 41 41 40 40 40 39 38 37 37 36 35 34 
80 78 76 75 73 72 71 70 68 67 67 67 67 67 67 66 66 65 63 61 59 57 54 51 49 48 47 46 45 44 44 43 43 42 41 41 40 40 41 41 41 41 40 40 40 40 40 40 40 40 41 41 41 42 43 44 43 43 42 42 42 42 41 42 42 43 43 44 44 45 45 46 47 46 46 45 45 45 45 44 44 44 43 43 43 42 41 41 40 40 39 39 38 37 37 36 
80 79 78 77 76 74 73 71 70 68 68 68 68 68 67 66 66 65 65 62 59 57 54 51 49 48 47 46 45 44 43 42 41 41 41 42 42 42 43 43 42 42 42 41 41 41 41 41 41 41 42 43 44 45 45 46 45 45 44 44 43 43 43 43 44 44 45 45 46 46 47 48 49 49 48 48 47 47 46 46 46 45 44 44 43 42 42 41 41 40 40 39 39 38 38 37 
82 81 80 79 77 76 74 73 71 70 69 69 68 68 66 65 64 64 63 62 59 57 54 52 49 48 47 46 45 44 43 42 43 43 43 43 44 44 45 45 43 43 43 43 42 42 42 42 43 44 45 46 47 47 48 48 47 46 46 46 45 45 45 45 45 46 46 47 48 48 49 50 51 51 50 50 50 49 49 48 48 47 45 44 43 43 42 42 41 41 40 40 39 39 39 39 
85 83 82 80 79 77 76 74 73 71 70 68 67 66 65 64 63 64 62 61 60 57 54 52 49 49 47 46 45 44 43 43 45 45 45 45 46 47 47 47 45 44 44 44 44 44 43 44 46 47 48 49 49 50 50 51 49 48 48 47 47 46 48 47 47 47 48 49 50 51 51 52 53 53 53 52 52 51 51 51 51 49 48 47 45 44 43 42 42 42 42 42 42 42 42 42 
83 82 81 79 78 76 75 73 72 70 69 68 67 66 65 64 63 62 61 60 59 57 54 52 49 49 47 46 45 44 43 45 46 46 47 47 48 49 49 48 46 45 45 45 45 45 45 46 49 50 51 51 52 52 53 52 50 50 49 49 47 48 51 49 49 50 50 51 52 53 54 54 55 55 55 54 54 54 53 53 53 53 51 50 49 47 47 47 47 47 47 47 47 47 47 47 
