target/classes/dem.txt
ncols         409
nrows         407
xllcorner     746305.9375
yllcorner     3742760
cellsize      50
NODATA_value  9999
[rows 190 to 227 of 407, columns 84 to 167 of 409]
2996 2996 2999 3002 3008 3015 3022 3027 3029 3028 3023 3014 3004 2999 2979 2957 2936 2920 2907 2887 2861 2836 2811 2783 2754 2724 2693 2657 2632 2609 2578 2526 2486 2466 2450 2437 2424 2409 2391 2369 2344 2317 2290 2267 2245 2199 2183 2172 2182 2195 2204 2221 2239 2255 2269 2280 2275 2259 2232 2204 2127 2025 1998 1996 2005 2020 2030 2030 2017 1995 1961 1941 1914 1899 1897 1914 1947 1970 1969 1955 1939 1924 1942 1974
2992 2995 2999 3002 3008 3014 3020 3025 3026 3025 3022 3017 3008 3000 2976 2949 2922 2900 2879 2858 2832 2806 2778 2748 2719 2686 2642 2607 2587 2551 2502 2484 2462 2440 2422 2410 2398 2372 2338 2312 2292 2272 2240 2216 2210 2199 2198 2201 2219 2230 2238 2252 2269 2283 2296 2300 2294 2271 2239 2207 2101 2022 2009 2021 2038 2053 2062 2061 2046 2026 2003 1976 1940 1901 1889 1893 1915 1931 1926 1915 1912 1922 1955 1991
2991 2996 3000 3004 3009 3015 3020 3024 3025 3023 3020 3015 3010 3003 2985 2950 2917 2886 2857 2831 2805 2774 2743 2713 2681 2639 2600 2590 2554 2511 2494 2469 2441 2417 2394 2372 2346 2319 2294 2270 2246 2227 2213 2209 2224 2231 2236 2246 2256 2261 2273 2286 2300 2312 2317 2313 2303 2274 2235 2196 2096 2062 2044 2060 2070 2087 2095 2092 2079 2059 2033 2006 1973 1929 1894 1881 1898 1906 1905 1903 1906 1922 1962 2000
2993 2998 3003 3007 3012 3018 3023 3026 3025 3022 3019 3014 3009 3004 3000 2962 2921 2882 2845 2810 2778 2745 2713 2683 2646 2609 2598 2586 2542 2503 2486 2457 2427 2399 2373 2337 2304 2297 2275 2258 2246 2243 2242 2256 2271 2283 2288 2290 2293 2293 2304 2324 2340 2341 2327 2310 2289 2252 2209 2133 2096 2091 2087 2098 2105 2115 2122 2117 2107 2086 2060 2029 1993 1948 1903 1876 1886 1901 1902 1902 1903 1926 1968 2008
2996 2999 3005 3012 3017 3022 3027 3028 3027 3024 3019 3014 3009 3005 3001 2977 2938 2893 2843 2793 2757 2718 2697 2674 2640 2610 2604 2589 2558 2516 2483 2451 2418 2397 2375 2338 2311 2297 2290 2293 2294 2294 2296 2307 2316 2326 2333 2335 2338 2342 2355 2365 2356 2327 2305 2279 2246 2214 2167 2100 2099 2100 2116 2129 2136 2144 2147 2139 2125 2108 2081 2045 2010 1970 1923 1885 1870 1900 1902 1899 1899 1928 1976 2015
2998 3003 3007 3015 3022 3027 3030 3031 3029 3026 3021 3016 3012 3008 3004 3000 2969 2918 2867 2803 2759 2716 2697 2679 2653 2634 2621 2603 2574 2528 2488 2453 2419 2399 2387 2368 2352 2341 2334 2343 2348 2349 2352 2356 2361 2366 2376 2386 2386 2384 2377 2358 2325 2295 2259 2218 2192 2143 2113 2100 2115 2133 2148 2161 2168 2173 2171 2159 2142 2120 2094 2058 2020 1982 1930 1887 1861 1886 1899 1891 1895 1923 1972 2016
3000 3006 3012 3018 3025 3030 3033 3033 3031 3028 3024 3020 3016 3014 3010 3003 2987 2943 2899 2834 2784 2747 2715 2692 2674 2655 2631 2608 2572 2520 2487 2464 2440 2419 2409 2412 2413 2407 2401 2403 2404 2404 2404 2400 2398 2397 2398 2397 2387 2366 2336 2308 2287 2239 2224 2182 2140 2126 2126 2150 2169 2174 2184 2194 2200 2200 2193 2176 2152 2122 2089 2047 2006 1964 1921 1886 1856 1867 1891 1899 1899 1919 1969 2010
3002 3008 3014 3021 3027 3032 3034 3034 3033 3031 3029 3027 3025 3022 3017 3007 2999 2958 2917 2863 2811 2775 2743 2714 2690 2664 2631 2599 2558 2512 2498 2492 2480 2470 2467 2469 2470 2469 2460 2456 2449 2444 2432 2413 2401 2398 2381 2364 2343 2315 2289 2249 2218 2203 2203 2184 2186 2190 2197 2207 2214 2212 2219 2230 2237 2231 2212 2195 2159 2117 2070 2032 1993 1957 1916 1890 1859 1847 1850 1871 1889 1914 1957 1997
3004 3010 3016 3023 3028 3031 3034 3035 3035 3036 3036 3035 3034 3031 3023 3013 3003 2975 2929 2880 2837 2792 2760 2731 2703 2670 2629 2592 2555 2523 2508 2505 2515 2515 2517 2518 2517 2516 2509 2504 2493 2479 2453 2424 2403 2382 2349 2324 2302 2280 2247 2232 2235 2245 2243 2269 2267 2259 2257 2252 2248 2242 2249 2266 2267 2247 2218 2188 2144 2099 2045 2000 1995 1968 1933 1905 1889 1866 1843 1840 1863 1897 1937 1974
3003 3008 3015 3021 3026 3030 3032 3035 3037 3039 3040 3040 3040 3037 3029 3018 3006 2984 2942 2900 2852 2799 2766 2734 2702 2665 2625 2597 2579 2558 2548 2547 2554 2555 2557 2557 2555 2548 2534 2518 2503 2496 2459 2419 2389 2351 2326 2302 2297 2281 2283 2294 2305 2311 2317 2322 2317 2310 2302 2291 2280 2272 2275 2282 2274 2241 2207 2164 2116 2071 2020 2000 1998 1980 1953 1931 1919 1894 1863 1834 1840 1872 1897 1929
3001 3006 3011 3017 3022 3024 3027 3029 3033 3037 3040 3042 3042 3040 3033 3023 3011 3000 2960 2916 2867 2819 2779 2740 2702 2665 2630 2606 2602 2595 2592 2593 2594 2595 2597 2595 2589 2573 2554 2529 2508 2497 2442 2397 2360 2321 2313 2315 2314 2319 2330 2338 2344 2350 2352 2353 2345 2334 2314 2308 2304 2295 2291 2286 2262 2226 2186 2131 2088 2051 2009 2000 1999 1993 1977 1964 1949 1920 1887 1847 1828 1836 1871 1897
3000 3003 3007 3011 3013 3015 3017 3021 3024 3029 3035 3040 3042 3043 3040 3029 3018 3004 2971 2926 2880 2837 2795 2754 2712 2680 2652 2644 2646 2641 2640 2636 2632 2630 2629 2623 2610 2592 2565 2535 2510 2476 2413 2382 2353 2338 2353 2357 2361 2371 2381 2382 2385 2388 2388 2383 2373 2355 2328 2316 2311 2308 2301 2281 2247 2211 2166 2109 2092 2064 2030 2010 2008 2008 2004 1996 1980 1947 1908 1873 1832 1825 1854 1893
2997 3000 3002 3003 3004 3006 3008 3011 3014 3019 3026 3032 3036 3042 3045 3036 3023 3008 2983 2930 2882 2842 2802 2760 2726 2699 2690 2689 2689 2689 2691 2678 2669 2662 2655 2641 2623 2601 2566 2532 2501 2458 2408 2397 2389 2390 2399 2400 2407 2417 2425 2425 2425 2423 2419 2411 2400 2381 2354 2335 2328 2323 2309 2279 2236 2199 2149 2100 2098 2087 2063 2048 2045 2040 2033 2023 2008 1979 1933 1890 1843 1819 1847 1896
2991 2991 2989 2990 2992 2996 3000 3002 3005 3007 3013 3020 3026 3036 3047 3043 3031 3014 3001 2938 2883 2843 2804 2771 2745 2727 2725 2726 2725 2723 2721 2710 2702 2691 2672 2650 2624 2595 2552 2511 2495 2461 2422 2416 2422 2425 2436 2440 2446 2457 2465 2466 2461 2455 2446 2435 2423 2410 2394 2374 2359 2339 2316 2282 2235 2191 2146 2110 2100 2100 2094 2087 2082 2071 2059 2046 2028 2004 1954 1893 1838 1817 1858 1911
2985 2981 2975 2972 2972 2972 2975 2983 2988 2994 3004 3007 3015 3037 3042 3036 3028 3014 3001 2939 2884 2847 2813 2791 2775 2762 2762 2761 2757 2753 2744 2730 2721 2705 2678 2647 2615 2578 2531 2499 2494 2475 2448 2444 2454 2459 2472 2479 2487 2496 2502 2502 2495 2483 2472 2458 2443 2429 2414 2398 2374 2348 2318 2282 2237 2199 2168 2160 2156 2158 2155 2143 2120 2099 2084 2068 2045 2013 1959 1897 1838 1814 1865 1919
2978 2970 2961 2956 2952 2948 2950 2957 2959 2964 2979 2991 3021 3048 3031 3021 3017 3009 2994 2939 2899 2871 2841 2823 2808 2797 2798 2794 2787 2779 2763 2748 2732 2714 2690 2646 2605 2564 2517 2500 2499 2489 2477 2480 2485 2492 2505 2513 2519 2523 2527 2523 2513 2502 2490 2475 2458 2441 2424 2407 2383 2352 2319 2284 2247 2218 2206 2210 2210 2207 2200 2191 2154 2130 2108 2087 2053 2014 1966 1910 1841 1812 1874 1926
2971 2959 2948 2940 2934 2925 2925 2929 2930 2933 2939 2957 2976 3005 3014 3007 3004 3002 2980 2945 2913 2895 2876 2858 2842 2830 2826 2818 2806 2799 2777 2758 2740 2718 2688 2630 2590 2555 2514 2500 2499 2499 2502 2509 2518 2526 2542 2552 2556 2554 2550 2539 2526 2510 2497 2479 2461 2442 2424 2408 2388 2356 2323 2292 2264 2247 2240 2243 2236 2225 2210 2200 2175 2148 2123 2094 2057 2023 1979 1912 1842 1810 1873 1929
2964 2948 2934 2925 2917 2903 2901 2901 2900 2900 2898 2906 2912 2906 2900 2969 2972 2960 2959 2928 2909 2903 2904 2891 2875 2862 2852 2839 2823 2807 2787 2763 2736 2708 2664 2608 2592 2565 2534 2517 2523 2530 2535 2543 2563 2571 2579 2579 2574 2565 2552 2538 2522 2506 2491 2474 2455 2437 2420 2406 2395 2371 2343 2315 2291 2284 2279 2274 2261 2242 2221 2201 2178 2152 2127 2102 2061 2020 1968 1901 1831 1807 1867 1923
2954 2936 2922 2912 2901 2877 2865 2862 2861 2860 2858 2863 2866 2876 2888 2909 2960 2924 2934 2917 2912 2916 2920 2912 2903 2889 2875 2859 2841 2822 2803 2770 2734 2696 2645 2600 2598 2585 2564 2558 2564 2568 2569 2573 2589 2594 2589 2580 2565 2551 2534 2518 2506 2495 2480 2463 2446 2429 2414 2403 2400 2395 2394 2372 2340 2321 2312 2300 2279 2256 2231 2206 2178 2151 2126 2103 2066 2020 1967 1906 1842 1805 1850 1911
2943 2925 2911 2899 2870 2843 2831 2825 2820 2820 2819 2818 2823 2840 2859 2881 2914 2912 2917 2918 2930 2932 2942 2936 2922 2908 2894 2875 2854 2833 2810 2772 2723 2680 2635 2602 2600 2598 2593 2595 2601 2600 2597 2594 2598 2587 2568 2549 2529 2520 2507 2496 2483 2471 2460 2448 2434 2420 2408 2400 2385 2367 2370 2383 2378 2361 2341 2313 2290 2264 2234 2205 2177 2148 2119 2089 2051 2014 1970 1914 1854 1803 1834 1899
2933 2914 2898 2867 2836 2809 2797 2790 2784 2783 2782 2781 2791 2809 2833 2859 2885 2904 2915 2940 2950 2953 2961 2957 2945 2927 2906 2886 2863 2839 2813 2773 2717 2679 2650 2627 2627 2629 2630 2629 2623 2608 2600 2603 2585 2545 2524 2511 2497 2485 2469 2456 2449 2443 2435 2426 2417 2409 2400 2389 2355 2321 2304 2324 2352 2362 2347 2321 2293 2262 2231 2199 2171 2144 2116 2082 2041 2000 1958 1913 1857 1802 1823 1889
2915 2900 2871 2838 2805 2784 2768 2759 2751 2748 2747 2752 2766 2788 2812 2839 2865 2889 2930 2963 2963 2965 2967 2966 2960 2944 2918 2895 2870 2844 2817 2772 2712 2693 2676 2663 2668 2670 2669 2665 2651 2622 2603 2592 2540 2501 2484 2469 2443 2433 2419 2415 2412 2410 2407 2400 2391 2383 2371 2352 2320 2297 2286 2288 2315 2337 2340 2320 2294 2260 2226 2195 2167 2139 2111 2075 2034 1993 1953 1913 1859 1803 1810 1875
2899 2877 2848 2818 2789 2766 2745 2729 2720 2714 2715 2726 2744 2768 2794 2821 2845 2867 2887 2953 2958 2949 2957 2964 2964 2955 2930 2907 2884 2854 2820 2775 2718 2705 2703 2699 2707 2707 2704 2696 2677 2639 2607 2564 2512 2487 2453 2423 2397 2386 2375 2377 2377 2374 2370 2362 2353 2344 2334 2313 2284 2256 2248 2261 2290 2313 2323 2310 2285 2250 2215 2185 2158 2130 2103 2066 2026 1986 1944 1905 1843 1800 1811 1854
2876 2857 2829 2800 2778 2754 2729 2707 2697 2686 2688 2702 2724 2751 2778 2802 2825 2845 2867 2891 2910 2922 2935 2950 2961 2962 2947 2924 2898 2861 2820 2781 2749 2745 2739 2733 2737 2733 2727 2714 2695 2636 2587 2551 2515 2482 2437 2396 2373 2348 2334 2336 2342 2338 2331 2323 2315 2306 2297 2272 2240 2206 2206 2226 2263 2296 2302 2296 2271 2241 2207 2178 2150 2122 2093 2058 2022 1984 1942 1901 1826 1799 1818 1856
2854 2837 2812 2787 2766 2745 2722 2699 2681 2661 2663 2682 2708 2734 2759 2783 2803 2824 2846 2870 2888 2902 2912 2926 2940 2956 2960 2944 2911 2879 2841 2807 2789 2784 2777 2768 2764 2757 2745 2728 2707 2658 2598 2565 2532 2503 2469 2420 2387 2353 2328 2314 2312 2308 2299 2288 2274 2260 2244 2225 2201 2196 2196 2200 2234 2263 2275 2268 2249 2223 2197 2171 2143 2117 2087 2051 2015 1979 1934 1899 1805 1792 1817 1853
2832 2817 2797 2776 2754 2735 2714 2688 2655 2633 2637 2663 2695 2721 2745 2766 2784 2802 2826 2847 2864 2878 2892 2905 2917 2928 2941 2956 2942 2906 2876 2849 2836 2823 2813 2801 2790 2777 2759 2736 2710 2668 2619 2581 2550 2525 2511 2484 2426 2387 2360 2330 2304 2299 2293 2274 2246 2220 2201 2199 2194 2183 2182 2187 2203 2229 2240 2234 2220 2204 2182 2155 2128 2102 2070 2034 1995 1958 1920 1856 1798 1796 1815 1846
2813 2798 2780 2761 2741 2721 2702 2666 2628 2605 2612 2642 2679 2708 2729 2748 2767 2786 2806 2825 2841 2852 2865 2877 2888 2901 2913 2928 2949 2944 2917 2896 2876 2860 2846 2829 2813 2794 2771 2743 2714 2676 2634 2595 2567 2545 2525 2508 2487 2433 2394 2363 2328 2302 2293 2270 2238 2206 2200 2198 2190 2166 2153 2156 2176 2195 2206 2205 2200 2192 2167 2140 2113 2083 2051 2018 1983 1946 1909 1831 1793 1790 1806 1837
2794 2777 2760 2743 2725 2706 2674 2635 2598 2586 2594 2621 2656 2690 2715 2735 2753 2771 2786 2801 2814 2825 2837 2841 2850 2862 2877 2892 2904 2930 2942 2925 2906 2893 2875 2857 2835 2811 2782 2747 2712 2680 2645 2609 2581 2558 2538 2519 2503 2469 2427 2395 2364 2334 2307 2288 2254 2214 2200 2198 2189 2159 2128 2120 2137 2158 2170 2170 2175 2171 2152 2125 2098 2066 2032 2000 1969 1935 1896 1817 1786 1779 1797 1825
2773 2755 2739 2723 2706 2679 2643 2604 2573 2551 2565 2610 2644 2675 2701 2719 2735 2752 2766 2779 2787 2797 2805 2804 2811 2822 2838 2858 2876 2902 2927 2937 2924 2908 2900 2878 2851 2821 2789 2742 2698 2672 2643 2613 2588 2567 2547 2528 2509 2481 2449 2420 2393 2364 2336 2311 2285 2250 2217 2199 2191 2159 2121 2100 2105 2119 2131 2134 2139 2142 2131 2108 2081 2051 2018 1984 1952 1922 1875 1805 1777 1767 1786 1811
2752 2733 2716 2702 2679 2652 2615 2580 2549 2513 2534 2607 2637 2661 2683 2700 2716 2731 2745 2754 2759 2768 2772 2770 2777 2788 2805 2828 2855 2886 2913 2930 2928 2918 2906 2884 2848 2811 2761 2708 2682 2661 2637 2611 2597 2575 2553 2531 2510 2486 2460 2435 2410 2384 2357 2333 2310 2278 2244 2219 2197 2171 2129 2103 2090 2080 2089 2098 2104 2110 2107 2091 2063 2034 2003 1970 1936 1903 1850 1796 1769 1756 1771 1799
2729 2712 2693 2673 2653 2626 2594 2560 2526 2498 2499 2596 2620 2642 2662 2680 2696 2710 2722 2727 2729 2736 2735 2736 2747 2767 2785 2811 2844 2879 2904 2920 2925 2919 2905 2873 2822 2774 2712 2680 2661 2644 2626 2607 2586 2565 2545 2525 2505 2483 2460 2436 2414 2396 2370 2345 2320 2294 2262 2236 2214 2192 2161 2127 2100 2067 2039 2035 2044 2072 2076 2066 2043 2015 1985 1951 1919 1880 1828 1795 1768 1748 1752 1786
2701 2689 2668 2647 2627 2603 2573 2540 2506 2488 2487 2509 2603 2623 2643 2663 2679 2691 2696 2699 2698 2703 2703 2708 2728 2750 2777 2805 2839 2873 2901 2913 2920 2915 2903 2853 2782 2723 2679 2651 2629 2618 2606 2588 2565 2544 2527 2509 2489 2469 2450 2429 2410 2396 2373 2347 2321 2294 2269 2248 2227 2209 2188 2156 2126 2102 2063 2020 2010 2029 2039 2036 2019 1993 1959 1924 1891 1849 1814 1799 1792 1755 1737 1760
2672 2657 2641 2622 2602 2580 2552 2520 2492 2472 2476 2499 2560 2607 2630 2649 2663 2670 2669 2668 2668 2680 2695 2699 2717 2745 2775 2804 2836 2868 2897 2908 2914 2910 2900 2823 2765 2717 2671 2626 2599 2581 2568 2553 2535 2516 2504 2482 2460 2444 2432 2417 2401 2383 2363 2342 2320 2298 2276 2256 2238 2220 2201 2171 2143 2120 2101 2053 2010 2008 2008 2005 1989 1961 1928 1894 1849 1815 1822 1827 1812 1780 1734 1736
2648 2625 2611 2594 2576 2555 2530 2502 2477 2456 2468 2496 2546 2596 2618 2634 2643 2647 2640 2636 2635 2653 2681 2698 2718 2748 2779 2807 2838 2865 2892 2904 2908 2904 2876 2808 2757 2707 2659 2611 2559 2526 2516 2512 2500 2475 2453 2443 2427 2415 2407 2397 2377 2360 2345 2327 2310 2293 2273 2255 2238 2220 2202 2176 2147 2121 2102 2075 2028 2000 1983 1973 1950 1917 1899 1869 1847 1845 1864 1860 1835 1802 1755 1722
2632 2602 2591 2569 2546 2529 2506 2483 2455 2442 2458 2490 2529 2574 2606 2616 2623 2624 2614 2606 2608 2630 2665 2695 2724 2752 2780 2807 2832 2858 2884 2901 2903 2900 2857 2808 2759 2707 2657 2609 2515 2499 2495 2472 2439 2414 2400 2397 2386 2373 2366 2354 2341 2331 2320 2310 2300 2279 2257 2244 2229 2213 2194 2168 2141 2116 2094 2062 2024 1986 1947 1934 1917 1902 1897 1892 1899 1903 1902 1889 1858 1820 1771 1717
2625 2600 2573 2545 2519 2500 2490 2460 2434 2431 2456 2488 2522 2557 2586 2601 2605 2602 2596 2591 2599 2619 2657 2693 2722 2748 2774 2801 2826 2852 2876 2894 2905 2883 2844 2802 2760 2715 2669 2623 2520 2498 2478 2436 2402 2399 2393 2371 2339 2317 2319 2308 2302 2299 2288 2278 2265 2248 2231 2221 2211 2200 2172 2144 2122 2098 2070 2038 2006 1966 1923 1914 1919 1918 1917 1925 1930 1926 1915 1901 1870 1829 1783 1717
2626 2601 2563 2525 2500 2496 2477 2442 2425 2425 2443 2480 2510 2537 2564 2580 2584 2590 2592 2592 2607 2634 2663 2693 2721 2748 2775 2801 2822 2844 2866 2885 2897 2876 2840 2798 2759 2719 2675 2632 2568 2494 2464 2425 2399 2397 2380 2344 2309 2290 2276 2257 2248 2246 2232 2225 2222 2210 2200 2188 2179 2163 2139 2113 2097 2084 2047 2013 1982 1946 1931 1935 1957 1961 1958 1960 1958 1948 1932 1913 1880 1833 1786 1727
2632 2608 2569 2520 2499 2492 2462 2435 2417 2425 2449 2477 2498 2518 2541 2550 2550 2565 2582 2597 2616 2640 2664 2689 2715 2741 2767 2790 2812 2834 2855 2877 2891 2872 2835 2799 2759 2719 2678 2631 2577 2517 2481 2439 2415 2395 2374 2341 2308 2292 2259 2229 2213 2208 2199 2188 2177 2156 2139 2124 2116 2118 2106 2096 2090 2089 2038 1995 1970 1966 1983 1985 1995 2000 1999 1993 1983 1969 1948 1923 1889 1842 1797 1747
