target/classes/dem.txt
ncols         409
nrows         407
xllcorner     746305.9375
yllcorner     3742760
cellsize      50
NODATA_value  9999
[rows 228 to 265 of 407, columns 168 to 251 of 409]
1725 1698 1697 1703 1737 1785 1817 1841 1865 1889 1909 1925 1939 1951 1962 1969 1974 1978 1984 1990 1995 1998 2005 2011 2010 2005 2000 1989 1972 1953 1930 1906 1863 1814 1776 1783 1809 1821 1813 1803 1842 1906 1931 1955 1978 1999 2022 2048 2070 2088 2102 2112 2114 2102 2085 2054 2020 1984 1946 1907 1875 1843 1815 1801 1788 1739 1695 1682 1697 1739 1783 1805 1814 1820 1819 1811 1798 1781 1763 1742 1712 1697 1682 1660
1747 1705 1694 1711 1748 1788 1816 1839 1863 1887 1905 1917 1929 1940 1949 1954 1958 1962 1967 1973 1976 1979 1986 1991 1991 1986 1984 1975 1961 1942 1923 1902 1859 1813 1761 1748 1774 1797 1800 1800 1843 1904 1926 1948 1970 1991 2019 2059 2092 2107 2099 2106 2113 2105 2076 2035 2000 1969 1930 1894 1860 1828 1806 1782 1743 1699 1675 1664 1682 1711 1753 1785 1800 1804 1798 1783 1754 1734 1738 1733 1717 1704 1694 1674
1751 1706 1692 1713 1749 1788 1815 1837 1860 1883 1901 1910 1919 1928 1934 1938 1942 1946 1950 1955 1957 1960 1966 1971 1972 1968 1967 1962 1951 1933 1914 1889 1847 1804 1756 1727 1732 1760 1788 1798 1835 1896 1920 1942 1963 1983 2004 2045 2093 2113 2093 2074 2094 2072 2032 2002 1981 1948 1911 1875 1838 1803 1798 1772 1729 1695 1664 1645 1649 1687 1723 1755 1770 1773 1765 1748 1712 1698 1709 1724 1728 1716 1705 1693
1748 1699 1696 1705 1743 1783 1812 1833 1853 1874 1895 1902 1909 1915 1919 1923 1926 1929 1934 1936 1937 1942 1947 1951 1953 1950 1949 1947 1939 1926 1909 1881 1842 1804 1756 1721 1719 1737 1764 1787 1821 1882 1915 1935 1954 1973 1990 2010 2041 2064 2054 2030 2019 2000 2000 1992 1969 1935 1903 1873 1841 1807 1796 1777 1738 1707 1683 1643 1625 1652 1699 1724 1735 1737 1732 1714 1698 1699 1704 1720 1730 1727 1716 1702
1745 1698 1688 1695 1724 1763 1803 1822 1841 1858 1876 1887 1896 1900 1903 1906 1909 1912 1917 1917 1919 1923 1927 1930 1933 1932 1931 1932 1926 1916 1902 1876 1842 1805 1766 1726 1713 1727 1750 1773 1807 1863 1906 1925 1945 1964 1982 1994 1998 2003 2001 1993 1987 1988 1989 1988 1975 1939 1907 1895 1864 1829 1806 1788 1758 1730 1704 1669 1621 1615 1671 1700 1704 1706 1699 1687 1689 1696 1705 1727 1745 1740 1728 1712
1745 1700 1683 1681 1699 1733 1777 1809 1823 1837 1846 1853 1856 1858 1863 1871 1878 1887 1897 1897 1900 1904 1907 1910 1914 1914 1913 1916 1911 1903 1886 1863 1835 1803 1768 1731 1706 1715 1733 1757 1795 1847 1900 1920 1940 1962 1981 1986 1980 1977 1976 1969 1971 1976 1981 1983 1979 1955 1927 1911 1890 1861 1836 1808 1781 1753 1728 1698 1637 1607 1641 1671 1683 1670 1662 1652 1665 1685 1711 1748 1771 1760 1746 1726
1746 1709 1688 1670 1676 1698 1737 1774 1800 1805 1812 1816 1815 1815 1815 1822 1827 1830 1838 1849 1863 1873 1881 1887 1893 1894 1894 1899 1894 1884 1869 1849 1824 1796 1760 1724 1700 1701 1710 1734 1783 1834 1887 1916 1941 1965 1980 1979 1957 1947 1950 1947 1955 1963 1971 1978 1979 1971 1950 1925 1908 1887 1859 1831 1801 1774 1741 1706 1664 1619 1611 1631 1645 1633 1622 1617 1639 1675 1716 1774 1795 1781 1764 1736
1760 1729 1701 1680 1661 1667 1696 1724 1747 1759 1765 1770 1769 1767 1766 1771 1773 1775 1787 1810 1828 1842 1853 1860 1867 1868 1869 1871 1867 1860 1849 1833 1812 1783 1745 1707 1691 1682 1689 1715 1769 1822 1862 1901 1930 1962 1972 1963 1932 1919 1924 1928 1940 1949 1960 1970 1975 1974 1962 1940 1924 1905 1881 1851 1819 1783 1746 1708 1665 1620 1599 1599 1606 1600 1596 1598 1629 1678 1726 1785 1800 1800 1774 1741
1780 1753 1728 1703 1675 1651 1660 1683 1698 1711 1710 1719 1719 1718 1716 1716 1715 1721 1736 1765 1793 1812 1826 1834 1840 1841 1842 1842 1840 1833 1826 1813 1796 1771 1741 1708 1679 1659 1673 1699 1764 1817 1851 1887 1915 1944 1956 1939 1910 1895 1902 1914 1925 1936 1949 1960 1967 1968 1963 1950 1933 1914 1899 1860 1820 1782 1746 1709 1667 1622 1598 1591 1589 1587 1585 1593 1622 1670 1720 1783 1800 1800 1786 1753
1808 1782 1758 1730 1699 1667 1643 1642 1657 1667 1663 1668 1666 1664 1663 1666 1666 1675 1691 1715 1743 1773 1798 1808 1813 1814 1814 1813 1812 1806 1800 1793 1780 1760 1732 1704 1665 1642 1670 1709 1758 1808 1844 1875 1900 1923 1930 1913 1889 1862 1877 1903 1912 1923 1935 1945 1954 1953 1947 1936 1924 1912 1900 1855 1805 1772 1737 1705 1671 1634 1602 1588 1577 1573 1575 1588 1612 1661 1710 1762 1799 1803 1784 1757
1854 1818 1789 1760 1728 1699 1669 1639 1630 1626 1623 1618 1615 1613 1610 1612 1616 1625 1649 1676 1696 1727 1753 1768 1779 1782 1784 1784 1785 1781 1778 1773 1762 1746 1727 1699 1648 1628 1662 1709 1759 1806 1836 1861 1886 1902 1907 1892 1853 1827 1843 1879 1901 1909 1917 1926 1928 1927 1922 1912 1904 1898 1878 1831 1790 1761 1726 1693 1665 1638 1613 1594 1576 1563 1563 1580 1600 1655 1709 1766 1800 1804 1786 1761
1893 1857 1823 1787 1753 1723 1695 1660 1640 1637 1638 1636 1633 1630 1623 1609 1604 1602 1613 1644 1666 1689 1706 1722 1739 1748 1752 1755 1757 1755 1755 1752 1744 1730 1714 1689 1633 1617 1664 1713 1760 1800 1823 1854 1881 1892 1886 1863 1822 1799 1809 1845 1884 1897 1902 1904 1903 1903 1898 1886 1873 1861 1834 1798 1776 1748 1719 1692 1670 1647 1624 1603 1586 1562 1554 1569 1598 1652 1711 1795 1810 1802 1790 1769
1918 1885 1843 1796 1764 1732 1707 1694 1681 1683 1692 1692 1693 1692 1682 1654 1633 1606 1603 1618 1631 1650 1667 1686 1704 1716 1721 1725 1728 1730 1732 1730 1726 1713 1696 1655 1612 1613 1671 1720 1762 1799 1822 1852 1879 1882 1865 1838 1806 1793 1797 1824 1851 1870 1879 1880 1877 1874 1865 1854 1840 1824 1798 1784 1766 1732 1705 1694 1675 1655 1635 1614 1593 1565 1546 1561 1595 1644 1697 1791 1813 1806 1797 1776
1936 1902 1855 1805 1766 1723 1706 1707 1716 1723 1730 1733 1734 1730 1719 1701 1670 1638 1616 1606 1602 1614 1634 1655 1673 1684 1689 1694 1700 1704 1709 1708 1705 1695 1674 1644 1606 1618 1679 1727 1772 1808 1835 1864 1882 1876 1849 1821 1796 1781 1789 1805 1831 1846 1855 1855 1849 1843 1833 1820 1806 1793 1780 1769 1756 1730 1706 1697 1681 1665 1645 1620 1600 1576 1541 1548 1586 1631 1684 1752 1787 1798 1800 1796
1942 1906 1857 1808 1749 1712 1713 1738 1756 1769 1771 1773 1772 1766 1751 1727 1698 1670 1636 1608 1599 1597 1605 1629 1642 1650 1654 1658 1666 1673 1679 1679 1675 1667 1649 1627 1603 1616 1682 1729 1771 1808 1840 1871 1879 1869 1839 1807 1781 1759 1765 1792 1811 1823 1830 1829 1823 1813 1801 1787 1769 1754 1747 1747 1743 1735 1722 1706 1696 1678 1651 1618 1598 1579 1537 1538 1576 1619 1676 1719 1754 1781 1799 1800
1943 1905 1857 1807 1756 1726 1748 1775 1795 1809 1810 1811 1809 1799 1780 1755 1726 1694 1662 1627 1598 1590 1593 1599 1610 1616 1617 1622 1634 1639 1645 1646 1641 1634 1621 1603 1597 1623 1700 1734 1774 1807 1838 1864 1870 1854 1822 1793 1757 1727 1729 1762 1796 1802 1806 1804 1797 1786 1772 1754 1734 1711 1707 1717 1733 1740 1733 1721 1708 1694 1660 1623 1592 1560 1532 1531 1571 1616 1674 1714 1741 1775 1793 1789
1944 1910 1860 1790 1752 1757 1793 1815 1829 1842 1844 1844 1842 1831 1812 1788 1757 1717 1679 1638 1599 1587 1581 1580 1584 1587 1586 1592 1600 1606 1612 1613 1608 1600 1595 1583 1592 1663 1711 1743 1776 1804 1828 1850 1849 1829 1808 1779 1738 1705 1701 1736 1770 1778 1780 1778 1771 1758 1744 1724 1701 1689 1698 1705 1722 1736 1737 1728 1716 1705 1685 1641 1599 1567 1530 1523 1559 1608 1661 1706 1733 1759 1772 1770
1940 1902 1821 1785 1779 1799 1826 1847 1864 1876 1877 1878 1875 1865 1846 1819 1776 1735 1691 1650 1614 1593 1581 1572 1565 1560 1557 1560 1568 1573 1581 1584 1580 1570 1567 1571 1593 1655 1712 1741 1769 1794 1813 1833 1831 1813 1792 1763 1725 1696 1695 1718 1744 1753 1754 1751 1745 1731 1716 1697 1669 1664 1694 1709 1722 1733 1740 1735 1725 1714 1703 1675 1631 1595 1549 1518 1539 1596 1651 1701 1720 1738 1745 1746
1924 1875 1819 1798 1804 1830 1860 1880 1895 1913 1913 1912 1908 1900 1879 1843 1795 1749 1701 1664 1631 1609 1595 1589 1579 1567 1556 1547 1543 1541 1548 1551 1549 1547 1551 1570 1597 1654 1705 1729 1752 1774 1794 1804 1803 1793 1774 1747 1716 1693 1691 1699 1719 1728 1730 1725 1720 1706 1687 1654 1633 1652 1696 1709 1723 1736 1740 1738 1732 1721 1710 1701 1663 1620 1580 1522 1521 1583 1633 1681 1708 1716 1721 1722
1909 1865 1815 1812 1840 1868 1894 1925 1946 1958 1955 1950 1940 1927 1910 1880 1831 1774 1715 1675 1650 1639 1624 1620 1607 1595 1584 1565 1549 1538 1532 1529 1530 1534 1543 1568 1597 1643 1683 1712 1730 1750 1766 1777 1778 1770 1755 1731 1703 1693 1689 1689 1695 1704 1705 1699 1693 1676 1654 1627 1622 1663 1702 1713 1724 1735 1741 1739 1734 1726 1717 1706 1679 1638 1596 1532 1510 1557 1610 1657 1692 1701 1704 1704
1878 1820 1809 1848 1878 1907 1955 1988 2000 2000 1995 1984 1969 1952 1932 1911 1869 1809 1743 1688 1673 1671 1665 1663 1657 1639 1617 1595 1578 1558 1542 1527 1522 1522 1533 1562 1589 1620 1656 1684 1706 1722 1736 1746 1750 1747 1733 1715 1692 1676 1668 1667 1673 1683 1681 1671 1661 1640 1620 1612 1633 1673 1709 1723 1731 1737 1740 1739 1735 1727 1717 1707 1682 1642 1605 1548 1506 1537 1598 1636 1667 1686 1692 1681
1841 1813 1839 1885 1928 1978 2008 2022 2027 2026 2022 2010 1994 1974 1952 1924 1891 1845 1788 1726 1696 1700 1706 1708 1706 1689 1662 1632 1602 1585 1564 1545 1525 1518 1520 1536 1571 1596 1624 1651 1673 1693 1705 1716 1723 1723 1711 1694 1674 1652 1640 1639 1649 1661 1658 1646 1631 1608 1599 1609 1645 1688 1712 1732 1737 1739 1737 1735 1730 1721 1712 1703 1678 1645 1612 1564 1508 1518 1581 1619 1646 1659 1661 1645
1829 1839 1888 1935 1982 2017 2033 2048 2054 2052 2045 2033 2015 1995 1968 1939 1916 1885 1820 1768 1739 1751 1756 1758 1755 1736 1702 1671 1642 1612 1590 1567 1541 1521 1514 1523 1539 1569 1595 1618 1637 1657 1671 1685 1695 1699 1688 1672 1650 1627 1613 1613 1627 1640 1637 1623 1605 1586 1594 1617 1662 1701 1723 1741 1742 1735 1727 1728 1723 1715 1707 1697 1675 1648 1618 1579 1514 1506 1556 1606 1626 1633 1630 1615
1848 1880 1923 1972 2013 2039 2058 2072 2080 2077 2069 2053 2035 2011 1985 1961 1936 1902 1841 1800 1782 1801 1805 1805 1802 1784 1752 1714 1681 1649 1613 1587 1564 1542 1523 1510 1513 1535 1565 1585 1602 1621 1638 1653 1663 1669 1662 1651 1629 1605 1599 1594 1610 1620 1615 1601 1570 1566 1598 1633 1671 1708 1745 1769 1754 1724 1714 1718 1714 1708 1702 1697 1676 1650 1622 1591 1529 1499 1530 1587 1606 1610 1606 1590
1883 1915 1961 2008 2037 2060 2081 2097 2105 2101 2091 2074 2053 2030 2005 1980 1949 1913 1870 1838 1827 1841 1843 1842 1831 1817 1802 1768 1723 1683 1648 1614 1591 1574 1549 1519 1507 1509 1525 1547 1570 1589 1606 1620 1630 1638 1634 1629 1615 1598 1598 1597 1600 1599 1588 1552 1538 1573 1615 1648 1681 1713 1754 1781 1770 1711 1704 1707 1706 1702 1700 1699 1681 1655 1627 1601 1549 1502 1501 1538 1581 1588 1571 1540
1914 1955 1999 2036 2066 2087 2107 2125 2131 2125 2110 2098 2078 2053 2026 1999 1967 1929 1900 1889 1882 1883 1881 1873 1857 1841 1824 1808 1773 1726 1690 1656 1625 1602 1580 1548 1519 1506 1504 1513 1531 1555 1578 1588 1599 1608 1606 1605 1596 1588 1584 1582 1580 1572 1539 1519 1539 1592 1623 1654 1685 1714 1744 1760 1731 1699 1701 1696 1697 1697 1700 1702 1686 1661 1633 1606 1558 1507 1499 1499 1527 1539 1528 1501
1960 1997 2037 2072 2105 2129 2148 2161 2156 2146 2130 2113 2098 2071 2042 2015 1985 1948 1914 1907 1916 1915 1909 1897 1880 1862 1843 1824 1805 1771 1736 1695 1663 1635 1605 1581 1554 1524 1507 1501 1506 1526 1547 1556 1567 1576 1576 1580 1578 1571 1566 1563 1558 1545 1521 1517 1554 1605 1632 1661 1686 1710 1734 1730 1704 1696 1682 1668 1669 1683 1700 1700 1691 1666 1635 1606 1562 1512 1494 1491 1498 1505 1499 1495
2009 2062 2102 2113 2144 2173 2179 2170 2159 2146 2133 2119 2103 2080 2053 2026 2000 1966 1943 1941 1951 1947 1933 1914 1896 1875 1855 1836 1819 1807 1783 1738 1694 1663 1633 1609 1588 1560 1529 1506 1499 1505 1517 1523 1533 1542 1548 1554 1556 1551 1546 1542 1535 1521 1514 1535 1577 1611 1638 1666 1693 1711 1727 1723 1704 1683 1652 1630 1631 1659 1676 1693 1691 1671 1638 1607 1563 1513 1491 1481 1487 1496 1481 1477
2089 2115 2139 2164 2185 2188 2170 2138 2131 2124 2117 2108 2101 2077 2050 2026 2002 1985 1978 1977 1972 1961 1943 1922 1901 1884 1866 1846 1829 1814 1802 1777 1730 1690 1661 1636 1613 1590 1562 1535 1512 1499 1499 1499 1500 1512 1520 1528 1533 1531 1525 1520 1512 1502 1511 1540 1578 1609 1635 1663 1686 1701 1713 1714 1701 1669 1627 1603 1608 1628 1645 1669 1687 1682 1653 1610 1565 1518 1491 1476 1470 1471 1459 1456
2129 2156 2177 2190 2192 2170 2129 2101 2099 2099 2096 2087 2077 2057 2035 2012 1997 1983 1976 1975 1973 1957 1934 1911 1894 1880 1865 1848 1832 1818 1806 1800 1767 1721 1686 1660 1635 1613 1592 1567 1536 1508 1497 1494 1494 1495 1498 1503 1508 1509 1506 1500 1496 1494 1499 1528 1565 1602 1628 1649 1667 1683 1699 1703 1695 1667 1631 1600 1594 1599 1616 1645 1676 1685 1663 1616 1574 1529 1498 1483 1468 1458 1451 1444
2167 2185 2197 2192 2164 2126 2097 2080 2070 2067 2063 2056 2044 2027 2007 1993 1983 1974 1962 1959 1957 1940 1912 1897 1887 1875 1862 1848 1834 1820 1808 1800 1786 1748 1707 1679 1656 1634 1611 1585 1552 1522 1499 1494 1489 1486 1488 1491 1492 1493 1492 1489 1486 1487 1496 1519 1555 1589 1615 1633 1644 1656 1670 1690 1684 1661 1628 1603 1572 1560 1591 1618 1651 1672 1663 1626 1586 1547 1518 1499 1488 1472 1459 1450
2196 2200 2194 2185 2158 2120 2091 2064 2045 2034 2030 2024 2012 1997 1981 1972 1965 1957 1948 1937 1933 1917 1898 1886 1876 1866 1856 1845 1832 1820 1808 1800 1780 1750 1717 1689 1666 1643 1620 1596 1565 1534 1510 1498 1490 1484 1480 1478 1479 1482 1477 1474 1476 1480 1492 1503 1532 1564 1601 1608 1615 1626 1639 1658 1665 1653 1630 1607 1579 1536 1545 1586 1611 1639 1653 1634 1597 1567 1541 1520 1506 1496 1487 1475
2181 2193 2174 2157 2137 2113 2087 2058 2030 2009 1999 1989 1976 1965 1955 1950 1945 1940 1931 1922 1912 1900 1888 1876 1864 1855 1845 1837 1828 1817 1806 1793 1770 1744 1717 1690 1666 1643 1621 1598 1570 1542 1516 1502 1496 1488 1480 1475 1472 1471 1466 1465 1464 1470 1482 1492 1499 1521 1541 1553 1566 1597 1610 1627 1643 1644 1632 1613 1597 1534 1516 1546 1579 1603 1624 1625 1606 1584 1559 1537 1527 1516 1508 1496
2198 2188 2166 2147 2128 2107 2083 2056 2027 2000 1980 1942 1930 1925 1926 1926 1923 1922 1915 1906 1897 1886 1875 1865 1853 1843 1834 1825 1818 1810 1801 1778 1755 1732 1708 1682 1657 1633 1610 1587 1559 1528 1512 1506 1501 1496 1488 1480 1475 1469 1463 1459 1457 1460 1468 1477 1486 1490 1493 1495 1505 1545 1597 1614 1630 1636 1631 1616 1602 1559 1514 1520 1541 1567 1592 1602 1600 1587 1568 1555 1550 1542 1531 1514
2182 2175 2162 2140 2121 2103 2081 2057 2031 2006 1972 1916 1897 1896 1897 1901 1900 1900 1898 1889 1882 1872 1861 1852 1842 1831 1822 1813 1806 1797 1783 1762 1739 1716 1693 1666 1639 1614 1593 1566 1536 1515 1510 1509 1508 1504 1498 1492 1484 1478 1468 1461 1455 1453 1454 1459 1471 1472 1477 1480 1490 1504 1561 1604 1618 1626 1626 1615 1602 1569 1525 1502 1501 1528 1555 1575 1583 1578 1568 1563 1561 1557 1548 1532
2154 2150 2142 2129 2113 2095 2076 2056 2036 2016 1987 1934 1894 1893 1879 1866 1862 1864 1873 1870 1866 1858 1846 1836 1828 1819 1809 1801 1790 1777 1761 1743 1722 1699 1674 1647 1619 1595 1571 1543 1525 1516 1515 1523 1527 1521 1514 1502 1494 1489 1480 1470 1460 1452 1448 1451 1453 1453 1459 1466 1479 1489 1506 1583 1607 1618 1622 1614 1600 1562 1526 1503 1492 1496 1518 1540 1548 1557 1557 1554 1554 1553 1549 1540
2125 2124 2120 2113 2105 2089 2070 2051 2033 2015 1990 1943 1899 1884 1857 1833 1822 1831 1847 1850 1849 1843 1832 1821 1813 1805 1796 1786 1774 1760 1744 1725 1704 1680 1652 1626 1600 1580 1558 1544 1533 1535 1546 1552 1546 1541 1533 1520 1508 1498 1492 1484 1472 1459 1450 1445 1442 1442 1444 1452 1465 1479 1493 1530 1600 1609 1615 1605 1591 1567 1543 1517 1489 1468 1485 1504 1513 1525 1531 1531 1531 1530 1534 1531
2103 2105 2105 2101 2099 2082 2064 2045 2027 2008 1982 1945 1902 1875 1844 1813 1799 1806 1822 1829 1832 1828 1819 1806 1797 1791 1783 1772 1759 1745 1730 1711 1688 1660 1631 1608 1597 1583 1574 1571 1568 1573 1578 1572 1568 1562 1551 1540 1528 1517 1506 1496 1486 1473 1463 1454 1441 1438 1437 1443 1454 1467 1483 1496 1552 1600 1603 1596 1582 1563 1542 1520 1493 1453 1445 1463 1482 1495 1501 1505 1506 1505 1509 1511
