target/classes/dem.txt
ncols         409
nrows         407
xllcorner     746305.9375
yllcorner     3742760
cellsize      50
NODATA_value  9999
[rows 152 to 189 of 407, columns 168 to 251 of 409]
2258 2268 2294 2314 2349 2382 2399 2423 2461 2496 2520 2554 2584 2616 2667 2703 2723 2720 2710 2700 2698 2705 2731 2763 2790 2815 2842 2871 2897 2912 2921 2927 2932 2934 2930 2920 2910 2900 2876 2850 2824 2800 2786 2778 2767 2754 2741 2728 2715 2705 2688 2668 2638 2606 2580 2556 2527 2495 2464 2426 2387 2343 2302 2270 2234 2208 2199 2206 2221 2240 2261 2287 2310 2320 2319 2314 2302 2275 2239 2201 2174 2144 2113 2087
2252 2292 2321 2354 2382 2398 2408 2434 2474 2498 2522 2563 2599 2633 2670 2695 2700 2697 2683 2674 2681 2694 2721 2749 2776 2804 2834 2859 2882 2901 2907 2913 2916 2918 2914 2904 2888 2864 2838 2810 2790 2776 2763 2753 2746 2735 2723 2710 2697 2676 2655 2632 2607 2582 2558 2535 2508 2479 2450 2419 2376 2324 2283 2246 2218 2209 2216 2234 2251 2271 2294 2316 2336 2345 2343 2331 2313 2296 2253 2209 2175 2143 2110 2095
2296 2324 2354 2388 2414 2429 2446 2467 2494 2518 2543 2581 2621 2662 2686 2688 2678 2665 2650 2644 2656 2686 2715 2742 2769 2797 2823 2846 2869 2892 2900 2902 2903 2903 2897 2878 2854 2831 2806 2783 2764 2751 2740 2728 2722 2714 2704 2683 2661 2643 2623 2601 2579 2557 2535 2514 2492 2465 2437 2407 2360 2306 2266 2223 2207 2218 2243 2261 2278 2299 2322 2343 2362 2370 2366 2346 2324 2297 2255 2211 2176 2141 2103 2099
2328 2357 2386 2413 2436 2457 2476 2498 2520 2544 2568 2595 2643 2688 2695 2671 2645 2630 2617 2614 2633 2665 2698 2726 2755 2784 2811 2833 2855 2874 2891 2897 2896 2888 2869 2848 2825 2800 2780 2757 2738 2723 2716 2705 2696 2685 2665 2644 2623 2607 2591 2571 2549 2528 2509 2491 2472 2449 2422 2389 2333 2288 2247 2216 2213 2234 2268 2286 2303 2327 2351 2371 2388 2395 2382 2356 2324 2292 2247 2203 2180 2142 2102 2099
2350 2383 2412 2433 2455 2479 2502 2522 2544 2569 2593 2629 2676 2696 2679 2646 2613 2597 2591 2592 2609 2644 2679 2708 2737 2766 2795 2817 2836 2851 2863 2868 2874 2873 2858 2828 2804 2790 2761 2731 2709 2698 2688 2672 2657 2643 2620 2602 2584 2569 2556 2539 2518 2498 2484 2470 2451 2429 2405 2361 2307 2268 2231 2221 2239 2272 2296 2314 2336 2359 2381 2400 2406 2405 2388 2342 2301 2292 2252 2215 2197 2169 2195 2200
2371 2401 2429 2454 2475 2497 2521 2544 2565 2589 2623 2670 2687 2670 2629 2603 2580 2560 2554 2564 2599 2634 2663 2689 2715 2744 2773 2798 2815 2825 2830 2837 2852 2859 2852 2828 2808 2792 2760 2722 2699 2692 2663 2635 2618 2605 2584 2561 2541 2528 2519 2507 2488 2474 2462 2449 2432 2410 2378 2334 2292 2254 2235 2245 2277 2302 2324 2343 2368 2392 2406 2417 2422 2413 2393 2348 2317 2302 2293 2267 2236 2219 2214 2208
2394 2418 2444 2473 2496 2516 2538 2562 2585 2611 2657 2680 2659 2620 2591 2567 2540 2520 2516 2543 2585 2619 2645 2670 2694 2720 2747 2773 2790 2798 2802 2813 2832 2847 2847 2850 2837 2801 2770 2731 2700 2693 2656 2614 2599 2590 2561 2526 2504 2497 2488 2476 2458 2448 2439 2428 2414 2390 2352 2307 2276 2253 2257 2277 2302 2326 2348 2370 2394 2412 2429 2436 2431 2415 2395 2365 2335 2311 2301 2298 2276 2254 2232 2216
2409 2435 2458 2487 2514 2534 2554 2578 2604 2643 2671 2660 2617 2588 2566 2544 2513 2489 2493 2520 2565 2605 2631 2654 2677 2697 2723 2748 2761 2770 2779 2798 2828 2849 2829 2828 2848 2828 2789 2753 2722 2696 2659 2614 2598 2585 2551 2516 2499 2492 2469 2440 2425 2414 2413 2406 2392 2364 2332 2296 2275 2275 2293 2306 2323 2347 2370 2393 2410 2429 2444 2443 2429 2410 2394 2370 2343 2318 2302 2302 2284 2259 2233 2218
2419 2448 2473 2497 2524 2551 2571 2592 2624 2659 2656 2617 2589 2567 2544 2522 2497 2458 2476 2514 2554 2592 2618 2641 2662 2682 2701 2720 2733 2740 2757 2783 2830 2835 2799 2800 2809 2849 2814 2777 2746 2714 2679 2638 2607 2586 2557 2530 2511 2488 2457 2422 2397 2400 2398 2391 2367 2331 2307 2298 2294 2305 2328 2343 2354 2371 2392 2411 2432 2446 2448 2435 2413 2398 2382 2362 2341 2319 2302 2284 2277 2251 2226 2222
2429 2458 2486 2512 2537 2563 2587 2609 2642 2649 2618 2591 2570 2547 2523 2499 2458 2434 2475 2518 2550 2581 2608 2628 2648 2668 2684 2694 2704 2716 2742 2776 2821 2831 2800 2800 2800 2818 2845 2798 2766 2733 2706 2672 2636 2596 2573 2551 2529 2507 2476 2428 2400 2399 2393 2378 2349 2322 2306 2308 2323 2342 2366 2383 2391 2400 2419 2445 2454 2452 2440 2416 2399 2381 2366 2348 2329 2311 2294 2265 2258 2236 2220 2227
2437 2464 2492 2520 2547 2573 2599 2625 2639 2622 2594 2572 2551 2528 2505 2467 2425 2421 2475 2515 2544 2570 2594 2614 2633 2650 2664 2680 2694 2705 2736 2774 2818 2838 2800 2800 2799 2824 2853 2819 2783 2752 2725 2702 2665 2625 2592 2570 2547 2521 2493 2455 2418 2398 2389 2371 2354 2340 2330 2341 2363 2380 2401 2423 2433 2446 2458 2463 2453 2433 2414 2398 2381 2363 2347 2332 2314 2296 2269 2243 2228 2220 2218 2230
2444 2470 2496 2526 2555 2582 2606 2625 2620 2599 2575 2551 2532 2511 2481 2447 2416 2425 2471 2508 2533 2555 2575 2598 2617 2630 2646 2666 2685 2708 2742 2775 2812 2850 2809 2805 2818 2844 2848 2825 2795 2766 2741 2719 2696 2656 2616 2584 2558 2533 2509 2479 2442 2404 2394 2386 2379 2373 2369 2379 2400 2420 2442 2466 2474 2473 2467 2451 2426 2404 2389 2375 2361 2344 2328 2315 2297 2270 2242 2216 2203 2208 2214 2227
2452 2477 2502 2532 2563 2592 2606 2611 2600 2577 2554 2531 2510 2487 2451 2419 2404 2422 2463 2494 2517 2531 2553 2579 2599 2611 2633 2658 2685 2714 2747 2781 2816 2850 2834 2835 2843 2850 2844 2826 2800 2776 2753 2729 2708 2680 2634 2595 2571 2548 2524 2495 2457 2419 2399 2397 2394 2395 2398 2411 2426 2446 2473 2483 2472 2450 2430 2411 2395 2378 2365 2352 2337 2322 2307 2292 2272 2244 2215 2196 2192 2196 2206 2219
2463 2487 2512 2542 2572 2595 2600 2597 2577 2556 2532 2509 2482 2453 2419 2395 2396 2416 2450 2481 2498 2507 2532 2557 2579 2603 2631 2664 2694 2723 2756 2788 2816 2843 2850 2850 2849 2846 2836 2819 2801 2779 2755 2731 2711 2698 2656 2616 2586 2559 2531 2502 2468 2428 2400 2400 2400 2413 2434 2443 2456 2468 2483 2466 2434 2406 2394 2379 2364 2350 2340 2328 2315 2300 2283 2265 2244 2221 2193 2166 2152 2158 2177 2192
2478 2493 2516 2543 2568 2583 2588 2571 2554 2534 2511 2485 2455 2422 2390 2365 2386 2410 2437 2469 2494 2499 2518 2546 2575 2605 2635 2667 2697 2728 2759 2790 2812 2831 2838 2836 2829 2821 2814 2806 2789 2769 2750 2729 2710 2700 2670 2632 2598 2570 2539 2509 2481 2446 2426 2434 2445 2457 2473 2477 2484 2485 2470 2433 2401 2393 2369 2346 2328 2321 2312 2303 2291 2275 2260 2241 2221 2198 2170 2132 2110 2116 2132 2148
2493 2498 2515 2535 2551 2560 2562 2545 2526 2508 2487 2457 2428 2396 2355 2338 2382 2415 2440 2464 2488 2498 2520 2549 2580 2609 2639 2668 2698 2727 2758 2782 2798 2807 2811 2807 2802 2795 2785 2779 2766 2746 2734 2720 2705 2696 2670 2637 2604 2573 2541 2509 2495 2475 2468 2481 2494 2501 2505 2506 2504 2497 2469 2428 2399 2389 2354 2319 2298 2297 2287 2276 2263 2250 2236 2221 2200 2176 2149 2120 2097 2093 2094 2104
2493 2497 2508 2520 2528 2532 2532 2520 2501 2480 2458 2429 2400 2371 2328 2324 2370 2409 2434 2461 2486 2511 2536 2559 2586 2615 2644 2674 2703 2728 2750 2765 2772 2777 2781 2774 2764 2755 2746 2738 2728 2716 2706 2699 2689 2676 2661 2637 2604 2574 2545 2513 2499 2496 2502 2510 2517 2518 2520 2523 2519 2507 2485 2444 2411 2389 2352 2312 2299 2288 2269 2248 2235 2221 2210 2201 2179 2150 2131 2103 2085 2070 2065 2073
2482 2490 2500 2505 2508 2510 2508 2496 2476 2454 2429 2401 2373 2343 2316 2326 2362 2398 2425 2454 2485 2514 2539 2564 2589 2616 2644 2672 2697 2717 2732 2741 2741 2740 2736 2734 2724 2715 2706 2699 2693 2688 2682 2675 2664 2653 2641 2624 2602 2584 2557 2529 2510 2517 2528 2534 2538 2542 2537 2537 2529 2514 2500 2466 2432 2396 2360 2326 2298 2280 2254 2227 2208 2200 2199 2191 2158 2120 2108 2092 2068 2052 2041 2039
2466 2480 2495 2500 2500 2500 2488 2472 2453 2432 2405 2371 2341 2315 2310 2329 2360 2385 2408 2442 2482 2514 2539 2564 2589 2615 2641 2667 2688 2700 2712 2713 2709 2701 2695 2693 2690 2686 2683 2680 2674 2666 2659 2651 2639 2627 2617 2606 2597 2598 2593 2570 2550 2554 2561 2568 2559 2561 2552 2546 2536 2520 2506 2482 2447 2410 2375 2341 2309 2282 2251 2221 2200 2200 2198 2183 2145 2110 2098 2089 2072 2055 2036 2021
2451 2467 2482 2495 2495 2482 2467 2450 2431 2409 2381 2344 2309 2298 2301 2327 2350 2373 2400 2439 2481 2514 2541 2567 2594 2617 2639 2661 2678 2687 2692 2689 2682 2676 2669 2666 2663 2662 2661 2660 2655 2647 2638 2628 2615 2602 2585 2572 2575 2589 2596 2595 2590 2584 2581 2577 2571 2564 2556 2548 2539 2525 2512 2495 2457 2418 2383 2351 2319 2289 2258 2228 2217 2205 2197 2181 2152 2123 2111 2099 2092 2082 2062 2030
2436 2450 2467 2476 2476 2462 2446 2429 2409 2384 2352 2318 2293 2284 2295 2317 2343 2371 2400 2437 2476 2511 2541 2571 2599 2620 2644 2665 2677 2674 2672 2667 2659 2650 2644 2638 2636 2637 2639 2640 2637 2628 2618 2606 2587 2560 2537 2520 2529 2549 2580 2592 2591 2587 2580 2568 2558 2558 2551 2544 2533 2522 2512 2497 2459 2420 2385 2355 2325 2295 2272 2256 2240 2229 2209 2200 2184 2157 2142 2129 2118 2105 2085 2056
2418 2433 2447 2455 2455 2442 2426 2410 2387 2359 2330 2298 2272 2265 2283 2307 2336 2368 2399 2433 2468 2505 2535 2566 2594 2625 2653 2670 2674 2661 2651 2644 2637 2627 2619 2612 2613 2616 2619 2621 2620 2613 2600 2574 2548 2520 2496 2492 2495 2516 2548 2572 2575 2574 2554 2535 2531 2543 2539 2532 2521 2511 2504 2483 2446 2408 2382 2355 2328 2301 2288 2277 2266 2257 2232 2222 2209 2191 2172 2157 2143 2125 2105 2084
2402 2416 2427 2433 2433 2421 2406 2386 2361 2333 2306 2282 2252 2250 2270 2296 2324 2357 2388 2419 2458 2496 2526 2555 2592 2619 2655 2666 2663 2645 2630 2622 2614 2605 2591 2581 2592 2601 2604 2605 2605 2601 2574 2544 2516 2487 2466 2461 2469 2494 2518 2544 2556 2551 2525 2506 2510 2522 2523 2518 2509 2502 2476 2448 2413 2389 2368 2344 2320 2299 2295 2293 2287 2281 2253 2251 2230 2213 2198 2180 2163 2143 2123 2102
2382 2401 2409 2414 2413 2403 2382 2359 2334 2307 2281 2249 2232 2240 2265 2291 2317 2351 2385 2401 2436 2479 2514 2555 2596 2624 2643 2653 2646 2627 2610 2601 2585 2566 2544 2540 2576 2600 2599 2599 2599 2574 2547 2517 2487 2456 2431 2428 2445 2474 2502 2522 2537 2537 2520 2501 2499 2504 2507 2505 2501 2475 2431 2401 2382 2362 2345 2325 2303 2285 2284 2288 2291 2288 2275 2270 2254 2232 2215 2200 2181 2159 2136 2108
2361 2378 2393 2397 2390 2376 2355 2332 2308 2282 2245 2219 2223 2250 2283 2303 2328 2361 2391 2409 2441 2481 2516 2551 2588 2610 2620 2620 2611 2598 2584 2568 2547 2520 2503 2509 2560 2599 2600 2595 2570 2543 2518 2488 2457 2425 2400 2401 2423 2457 2484 2500 2513 2522 2517 2503 2490 2459 2456 2448 2426 2405 2382 2362 2341 2331 2319 2302 2281 2266 2264 2272 2280 2282 2278 2272 2263 2248 2231 2213 2195 2171 2143 2115
2335 2351 2363 2364 2357 2344 2325 2305 2282 2259 2224 2211 2234 2275 2306 2335 2360 2388 2413 2440 2468 2498 2525 2557 2585 2598 2599 2590 2584 2570 2554 2536 2514 2498 2499 2500 2542 2577 2586 2566 2541 2513 2487 2459 2427 2400 2400 2400 2414 2442 2462 2480 2494 2500 2498 2479 2447 2409 2389 2375 2356 2346 2337 2316 2299 2282 2283 2272 2255 2242 2239 2247 2255 2258 2257 2251 2253 2244 2237 2221 2204 2185 2156 2123
2308 2323 2330 2330 2323 2311 2295 2275 2252 2231 2213 2221 2257 2298 2329 2361 2388 2416 2442 2469 2497 2521 2545 2572 2591 2592 2587 2570 2558 2545 2527 2507 2487 2483 2491 2497 2519 2540 2550 2536 2513 2484 2454 2428 2401 2399 2399 2398 2405 2426 2446 2465 2481 2492 2489 2465 2433 2395 2374 2329 2305 2291 2279 2253 2230 2233 2233 2230 2223 2215 2213 2219 2224 2225 2223 2229 2227 2223 2223 2218 2205 2188 2159 2127
2288 2295 2297 2297 2291 2280 2266 2244 2221 2206 2208 2239 2282 2316 2349 2382 2414 2442 2470 2496 2525 2552 2576 2598 2597 2584 2572 2558 2539 2523 2505 2477 2447 2440 2458 2489 2500 2509 2515 2508 2485 2454 2422 2395 2384 2382 2383 2387 2396 2415 2437 2454 2471 2485 2486 2464 2434 2406 2370 2323 2299 2260 2209 2200 2198 2190 2186 2185 2184 2183 2185 2191 2198 2198 2201 2204 2202 2201 2203 2202 2194 2169 2147 2118
2268 2273 2272 2268 2261 2251 2237 2218 2197 2195 2206 2248 2295 2333 2367 2400 2431 2463 2494 2525 2562 2593 2612 2613 2596 2573 2557 2538 2522 2506 2481 2442 2406 2403 2436 2479 2500 2499 2499 2480 2453 2424 2395 2374 2359 2350 2353 2364 2388 2410 2427 2443 2463 2479 2484 2469 2442 2410 2380 2341 2301 2258 2209 2198 2186 2161 2148 2143 2144 2147 2147 2152 2159 2158 2160 2163 2163 2162 2164 2164 2158 2138 2119 2103
2248 2250 2248 2240 2231 2221 2208 2187 2162 2178 2212 2263 2309 2348 2386 2418 2449 2480 2512 2555 2600 2623 2627 2614 2588 2560 2540 2521 2505 2483 2453 2424 2398 2399 2416 2460 2495 2491 2469 2445 2420 2396 2377 2354 2332 2319 2322 2341 2370 2399 2415 2434 2456 2472 2478 2471 2442 2415 2389 2348 2310 2273 2228 2195 2170 2134 2111 2104 2103 2110 2111 2114 2120 2119 2118 2117 2120 2123 2115 2114 2113 2103 2086 2074
2226 2227 2223 2214 2204 2189 2160 2135 2137 2185 2232 2281 2323 2362 2400 2433 2466 2498 2531 2580 2620 2630 2626 2607 2577 2546 2524 2507 2485 2457 2426 2396 2386 2390 2400 2434 2460 2456 2436 2414 2394 2378 2361 2341 2314 2298 2299 2321 2352 2382 2405 2422 2443 2461 2469 2463 2442 2420 2391 2357 2327 2299 2252 2208 2172 2128 2099 2081 2062 2066 2065 2070 2077 2076 2075 2073 2077 2082 2072 2069 2069 2064 2050 2035
2205 2204 2199 2184 2167 2149 2128 2116 2145 2201 2250 2299 2337 2376 2412 2446 2480 2506 2535 2578 2615 2624 2614 2592 2562 2531 2509 2486 2460 2432 2401 2371 2357 2362 2381 2405 2417 2413 2400 2395 2382 2367 2349 2329 2308 2285 2285 2308 2336 2365 2390 2406 2420 2438 2449 2449 2439 2417 2393 2368 2338 2311 2275 2231 2194 2149 2108 2081 2049 2026 2020 2025 2027 2031 2030 2028 2032 2038 2030 2024 2024 2022 2013 2000
2173 2165 2156 2145 2127 2113 2110 2131 2171 2218 2268 2313 2352 2390 2424 2457 2491 2508 2528 2562 2590 2597 2587 2563 2539 2516 2491 2459 2434 2406 2378 2343 2322 2328 2352 2379 2388 2396 2395 2389 2376 2360 2341 2323 2303 2273 2263 2290 2318 2346 2367 2384 2401 2414 2423 2425 2419 2402 2393 2377 2352 2323 2287 2251 2216 2183 2142 2111 2081 2034 2014 2002 1999 1996 1988 1983 1990 1994 1989 1977 1976 1976 1970 1958
2138 2128 2113 2106 2100 2100 2104 2144 2189 2237 2287 2328 2366 2403 2433 2464 2496 2510 2526 2543 2557 2559 2551 2534 2513 2493 2464 2432 2406 2381 2353 2319 2299 2299 2326 2352 2371 2385 2391 2387 2375 2357 2337 2318 2299 2263 2240 2268 2301 2326 2345 2362 2379 2391 2400 2398 2392 2379 2374 2391 2391 2361 2310 2272 2237 2211 2178 2146 2115 2083 2055 2025 2002 1982 1956 1935 1934 1936 1947 1931 1924 1926 1923 1912
2106 2103 2060 2066 2093 2098 2108 2157 2205 2251 2299 2340 2380 2413 2442 2472 2500 2512 2524 2531 2533 2528 2520 2509 2487 2459 2431 2402 2380 2356 2328 2300 2295 2295 2308 2334 2354 2374 2386 2386 2376 2358 2336 2315 2294 2248 2222 2239 2279 2305 2324 2339 2350 2360 2365 2361 2354 2342 2335 2367 2403 2403 2355 2291 2259 2236 2207 2175 2143 2116 2093 2065 2037 2015 1993 1962 1922 1909 1912 1901 1900 1899 1893 1881
1999 1998 1999 2026 2068 2097 2137 2185 2226 2266 2307 2347 2388 2421 2449 2478 2502 2516 2526 2524 2519 2511 2503 2482 2450 2422 2398 2378 2357 2332 2306 2285 2275 2276 2294 2318 2340 2363 2379 2383 2376 2360 2336 2312 2288 2243 2213 2218 2250 2280 2299 2312 2318 2325 2327 2322 2314 2305 2299 2324 2384 2403 2401 2327 2292 2261 2227 2197 2168 2143 2120 2101 2076 2055 2031 2008 1978 1956 1928 1900 1899 1892 1877 1855
1969 1983 1999 2029 2075 2117 2164 2208 2245 2283 2321 2358 2396 2425 2454 2483 2504 2518 2525 2519 2506 2499 2476 2449 2416 2388 2372 2354 2335 2312 2288 2263 2244 2240 2268 2305 2328 2353 2370 2377 2373 2356 2328 2305 2280 2248 2212 2211 2232 2249 2265 2275 2278 2284 2283 2275 2260 2265 2290 2301 2365 2410 2411 2382 2315 2274 2245 2216 2188 2164 2142 2121 2107 2092 2067 2039 2012 1980 1945 1907 1894 1880 1859 1835
1979 2002 2030 2063 2101 2144 2191 2225 2261 2298 2333 2367 2402 2430 2459 2487 2506 2520 2523 2515 2501 2464 2431 2411 2390 2368 2348 2330 2311 2293 2273 2250 2219 2208 2229 2280 2311 2334 2356 2367 2360 2341 2318 2297 2270 2239 2212 2200 2211 2214 2223 2232 2232 2225 2215 2213 2200 2211 2251 2292 2349 2401 2413 2384 2333 2293 2265 2235 2204 2179 2157 2136 2116 2102 2091 2058 2023 1989 1948 1907 1891 1875 1854 1832
