target/classes/dem.txt
ncols         409
nrows         407
xllcorner     746305.9375
yllcorner     3742760
cellsize      50
NODATA_value  9999
[rows 304 to 341 of 407, columns 168 to 251 of 409]
1831 1791 1751 1699 1719 1780 1814 1837 1853 1864 1869 1858 1820 1796 1799 1845 1889 1901 1904 1905 1905 1904 1903 1902 1901 1900 1888 1880 1894 1910 1906 1881 1835 1793 1750 1708 1698 1687 1662 1632 1605 1586 1562 1536 1511 1509 1535 1577 1601 1608 1604 1571 1498 1489 1485 1492 1504 1564 1614 1651 1686 1700 1701 1710 1722 1737 1741 1737 1730 1716 1704 1700 1716 1749 1782 1799 1826 1866 1898 1897 1873 1829 1789 1759
1851 1806 1745 1700 1733 1800 1831 1861 1884 1897 1901 1886 1846 1820 1827 1879 1901 1904 1906 1906 1904 1903 1902 1901 1900 1898 1883 1881 1897 1914 1908 1882 1844 1808 1773 1742 1716 1694 1673 1646 1619 1595 1568 1526 1510 1521 1560 1595 1605 1610 1607 1600 1497 1489 1488 1496 1521 1571 1612 1641 1671 1698 1700 1700 1705 1706 1698 1688 1676 1673 1685 1698 1724 1756 1788 1813 1836 1867 1896 1892 1864 1830 1799 1769
1864 1818 1762 1703 1737 1802 1842 1875 1900 1902 1903 1900 1881 1868 1872 1901 1905 1908 1907 1903 1902 1901 1901 1901 1900 1893 1881 1881 1895 1900 1897 1878 1850 1818 1787 1759 1734 1713 1692 1666 1638 1606 1573 1534 1513 1536 1579 1606 1610 1611 1607 1601 1498 1493 1493 1499 1522 1558 1595 1623 1645 1664 1670 1673 1675 1674 1657 1637 1636 1656 1690 1713 1738 1767 1796 1826 1851 1871 1891 1882 1855 1825 1796 1763
1861 1813 1753 1704 1741 1805 1847 1887 1902 1905 1905 1901 1895 1892 1900 1904 1908 1908 1905 1901 1899 1899 1900 1900 1902 1889 1879 1878 1889 1889 1883 1865 1844 1818 1792 1766 1742 1720 1702 1681 1645 1607 1566 1522 1519 1554 1596 1623 1632 1624 1612 1600 1499 1495 1497 1501 1509 1521 1558 1586 1608 1622 1633 1638 1642 1638 1625 1619 1631 1676 1706 1729 1753 1779 1807 1838 1866 1885 1890 1878 1855 1821 1789 1753
1861 1810 1747 1707 1753 1812 1857 1900 1904 1908 1907 1903 1899 1894 1901 1907 1910 1908 1903 1896 1879 1872 1880 1887 1891 1886 1878 1878 1885 1878 1868 1849 1833 1810 1787 1765 1744 1723 1704 1678 1643 1608 1567 1521 1526 1570 1609 1647 1664 1654 1631 1604 1525 1498 1502 1513 1514 1510 1514 1530 1548 1577 1598 1604 1609 1610 1613 1628 1653 1694 1718 1740 1763 1789 1819 1852 1882 1901 1898 1885 1857 1822 1786 1743
1857 1811 1753 1709 1751 1810 1856 1900 1904 1909 1910 1905 1901 1900 1905 1910 1911 1907 1901 1880 1852 1834 1838 1861 1879 1883 1879 1879 1880 1867 1854 1836 1819 1801 1781 1760 1740 1720 1701 1664 1631 1596 1548 1523 1549 1594 1631 1669 1691 1681 1644 1607 1538 1494 1504 1521 1536 1531 1524 1540 1560 1558 1568 1585 1598 1606 1622 1645 1671 1699 1723 1747 1770 1793 1826 1862 1894 1903 1903 1899 1858 1809 1794 1762
1856 1812 1752 1713 1763 1817 1859 1899 1905 1910 1912 1911 1907 1906 1909 1912 1911 1905 1898 1864 1827 1805 1809 1834 1859 1878 1879 1878 1874 1857 1839 1822 1805 1787 1769 1750 1731 1712 1684 1643 1609 1575 1532 1533 1577 1615 1655 1693 1702 1694 1655 1610 1560 1512 1501 1515 1546 1565 1568 1598 1612 1609 1608 1609 1612 1616 1613 1621 1647 1692 1720 1746 1772 1798 1832 1866 1899 1906 1907 1901 1855 1800 1798 1788
1857 1813 1754 1716 1766 1818 1857 1895 1904 1910 1913 1914 1914 1914 1914 1913 1910 1904 1893 1856 1820 1797 1796 1812 1838 1866 1875 1874 1865 1847 1827 1812 1793 1771 1753 1735 1717 1700 1659 1619 1586 1545 1533 1564 1602 1638 1676 1711 1720 1700 1655 1612 1571 1529 1501 1503 1535 1576 1602 1622 1642 1655 1657 1654 1659 1656 1636 1625 1641 1684 1714 1742 1770 1798 1831 1864 1897 1909 1912 1903 1863 1802 1799 1800
1859 1814 1759 1721 1767 1815 1852 1886 1902 1907 1911 1914 1915 1916 1915 1914 1909 1903 1888 1855 1820 1787 1768 1799 1821 1851 1865 1865 1856 1838 1817 1799 1779 1758 1737 1719 1701 1666 1628 1594 1558 1539 1555 1594 1629 1666 1702 1740 1737 1693 1652 1613 1574 1532 1505 1505 1537 1579 1611 1642 1666 1685 1699 1699 1701 1693 1677 1661 1654 1679 1708 1736 1765 1794 1827 1862 1896 1909 1915 1906 1895 1851 1839 1841
1850 1810 1759 1725 1769 1811 1842 1875 1900 1903 1906 1909 1911 1916 1916 1914 1907 1901 1879 1848 1816 1778 1745 1778 1810 1833 1851 1852 1838 1817 1800 1779 1759 1740 1721 1702 1670 1632 1596 1567 1546 1554 1587 1620 1656 1693 1734 1768 1744 1695 1653 1614 1578 1537 1503 1505 1536 1579 1613 1648 1681 1700 1702 1710 1719 1718 1712 1700 1686 1691 1702 1727 1757 1787 1820 1853 1888 1907 1916 1909 1900 1899 1891 1888
1843 1804 1762 1730 1752 1797 1823 1851 1876 1894 1900 1901 1903 1911 1916 1915 1907 1900 1869 1839 1809 1766 1727 1759 1804 1823 1836 1830 1815 1801 1779 1758 1738 1719 1700 1670 1638 1602 1570 1554 1559 1587 1615 1647 1683 1722 1769 1782 1737 1690 1653 1615 1580 1537 1505 1505 1536 1579 1613 1648 1685 1701 1711 1723 1737 1745 1743 1732 1714 1705 1702 1714 1744 1779 1812 1848 1885 1906 1916 1913 1909 1907 1905 1904
1839 1805 1763 1736 1754 1784 1799 1822 1849 1882 1897 1900 1901 1910 1916 1913 1905 1895 1866 1835 1804 1754 1715 1743 1792 1808 1816 1810 1799 1777 1757 1736 1715 1695 1665 1636 1605 1578 1563 1574 1591 1616 1642 1674 1719 1765 1794 1785 1728 1684 1649 1614 1580 1538 1507 1506 1535 1578 1612 1648 1685 1705 1720 1737 1754 1768 1774 1767 1750 1737 1724 1713 1723 1757 1797 1837 1878 1904 1913 1914 1916 1917 1914 1913
1825 1794 1764 1743 1753 1768 1786 1803 1837 1875 1899 1900 1905 1913 1915 1910 1902 1886 1861 1834 1805 1755 1708 1714 1758 1789 1792 1786 1771 1751 1731 1713 1690 1659 1630 1601 1583 1572 1588 1609 1627 1651 1675 1700 1792 1800 1801 1774 1724 1681 1647 1614 1582 1540 1509 1506 1530 1570 1602 1641 1680 1708 1727 1747 1767 1784 1798 1799 1786 1775 1758 1733 1726 1748 1785 1820 1864 1901 1910 1919 1924 1924 1921 1918
1804 1787 1767 1750 1750 1764 1785 1805 1841 1880 1900 1903 1908 1913 1912 1905 1897 1877 1856 1832 1806 1763 1715 1703 1722 1744 1752 1753 1740 1722 1703 1684 1656 1625 1599 1588 1584 1595 1618 1649 1673 1693 1717 1777 1800 1800 1790 1756 1717 1683 1649 1616 1584 1544 1512 1507 1527 1568 1601 1637 1672 1704 1726 1750 1774 1794 1808 1817 1813 1805 1791 1772 1758 1757 1776 1798 1846 1900 1914 1925 1928 1926 1921 1918
1792 1778 1767 1757 1755 1766 1786 1813 1853 1891 1902 1907 1910 1912 1909 1902 1888 1868 1847 1826 1804 1760 1716 1698 1695 1701 1715 1718 1709 1692 1666 1647 1619 1600 1598 1597 1607 1631 1658 1686 1707 1723 1757 1804 1800 1790 1774 1739 1702 1672 1643 1614 1585 1548 1514 1510 1539 1569 1597 1631 1665 1700 1721 1743 1765 1788 1812 1834 1840 1831 1817 1806 1796 1786 1788 1803 1849 1898 1920 1930 1927 1921 1914 1914
1791 1785 1777 1768 1763 1770 1791 1818 1854 1890 1902 1907 1909 1909 1905 1900 1880 1861 1841 1820 1798 1759 1720 1693 1677 1672 1683 1681 1670 1644 1618 1608 1606 1603 1611 1635 1658 1680 1701 1715 1733 1756 1787 1790 1781 1767 1750 1724 1691 1658 1632 1608 1583 1547 1517 1510 1524 1560 1590 1618 1653 1692 1718 1740 1763 1787 1811 1840 1863 1864 1853 1835 1828 1820 1823 1878 1902 1900 1917 1929 1918 1911 1907 1906
1800 1803 1795 1787 1774 1777 1795 1823 1857 1891 1902 1906 1907 1905 1901 1888 1868 1850 1833 1814 1792 1760 1726 1696 1667 1649 1640 1632 1620 1609 1605 1609 1630 1644 1664 1686 1703 1714 1727 1745 1763 1777 1783 1775 1759 1742 1723 1701 1668 1639 1611 1583 1562 1536 1516 1512 1521 1548 1579 1606 1646 1681 1709 1732 1757 1782 1807 1841 1870 1879 1877 1864 1859 1863 1873 1908 1905 1900 1932 1928 1906 1901 1901 1895
1852 1848 1826 1802 1790 1785 1795 1820 1853 1885 1901 1903 1904 1901 1893 1870 1852 1835 1820 1804 1779 1751 1721 1691 1658 1636 1624 1620 1617 1622 1634 1653 1677 1695 1707 1716 1727 1745 1759 1773 1779 1779 1774 1757 1735 1718 1700 1666 1624 1600 1587 1567 1549 1530 1516 1512 1521 1548 1579 1606 1638 1668 1702 1726 1751 1774 1801 1833 1864 1880 1887 1885 1885 1899 1906 1909 1912 1928 1936 1903 1898 1892 1873 1847
1899 1885 1854 1829 1803 1794 1798 1821 1850 1876 1897 1900 1900 1889 1868 1849 1829 1815 1802 1781 1757 1735 1707 1682 1652 1637 1637 1645 1657 1677 1688 1700 1711 1721 1731 1743 1752 1768 1778 1779 1777 1766 1747 1727 1710 1696 1672 1635 1602 1599 1595 1585 1563 1539 1521 1516 1520 1540 1565 1595 1625 1659 1693 1716 1738 1766 1794 1823 1846 1866 1881 1892 1902 1928 1942 1948 1949 1957 1938 1899 1887 1868 1844 1809
1906 1900 1878 1850 1823 1797 1799 1830 1857 1878 1890 1885 1871 1854 1838 1822 1805 1786 1771 1749 1727 1705 1692 1670 1652 1656 1673 1687 1699 1711 1720 1727 1737 1747 1757 1770 1775 1782 1782 1771 1754 1735 1717 1702 1686 1666 1650 1628 1614 1613 1600 1600 1583 1555 1529 1523 1520 1525 1544 1578 1606 1639 1671 1703 1730 1759 1788 1812 1832 1851 1869 1886 1905 1977 1988 1987 1991 1985 1938 1898 1880 1856 1829 1803
1923 1913 1893 1865 1832 1813 1815 1850 1866 1874 1871 1856 1835 1818 1805 1790 1769 1740 1728 1718 1706 1696 1683 1667 1664 1676 1695 1713 1726 1737 1748 1755 1763 1771 1783 1791 1790 1784 1767 1747 1724 1708 1694 1676 1663 1656 1652 1653 1651 1630 1607 1600 1582 1548 1535 1545 1533 1524 1532 1559 1590 1622 1657 1695 1725 1753 1782 1806 1824 1843 1861 1880 1899 2009 2018 2009 2004 1991 1957 1911 1888 1865 1838 1814
1946 1927 1901 1880 1861 1855 1859 1866 1868 1862 1847 1829 1810 1798 1781 1762 1738 1723 1718 1726 1722 1707 1697 1680 1688 1701 1717 1736 1752 1763 1775 1784 1790 1796 1800 1800 1797 1775 1745 1718 1700 1688 1677 1676 1683 1684 1686 1687 1675 1645 1613 1599 1577 1548 1551 1574 1564 1547 1528 1539 1575 1607 1642 1681 1714 1742 1770 1799 1817 1835 1855 1873 1889 1899 1948 1959 1968 1975 1998 1971 1907 1883 1859 1838
1965 1938 1907 1892 1882 1875 1873 1877 1876 1867 1850 1830 1812 1799 1798 1790 1774 1758 1759 1760 1745 1724 1704 1696 1707 1731 1746 1761 1778 1789 1801 1811 1810 1802 1800 1800 1794 1766 1732 1704 1699 1696 1699 1705 1714 1716 1716 1707 1690 1655 1618 1592 1566 1560 1580 1598 1594 1576 1543 1533 1550 1588 1621 1660 1699 1726 1754 1785 1810 1828 1845 1861 1873 1883 1890 1895 1898 1903 1946 1994 1973 1909 1880 1851
1985 1949 1910 1892 1881 1875 1877 1885 1887 1881 1870 1853 1840 1831 1828 1820 1810 1803 1797 1785 1766 1739 1708 1708 1733 1761 1777 1786 1803 1819 1829 1836 1830 1808 1799 1800 1795 1773 1739 1717 1720 1730 1736 1741 1753 1759 1748 1724 1692 1651 1611 1584 1569 1583 1608 1631 1628 1603 1576 1542 1538 1565 1598 1635 1674 1709 1738 1770 1801 1817 1832 1847 1858 1866 1871 1875 1878 1884 1897 1937 1993 1949 1896 1868
1995 1958 1919 1895 1881 1877 1881 1892 1896 1897 1893 1893 1882 1869 1857 1846 1837 1833 1821 1805 1782 1742 1707 1728 1766 1792 1810 1816 1833 1850 1858 1862 1855 1823 1799 1800 1799 1788 1765 1754 1764 1774 1775 1777 1783 1778 1755 1719 1680 1633 1597 1582 1587 1608 1645 1670 1664 1637 1600 1571 1543 1547 1580 1611 1649 1688 1720 1751 1781 1806 1821 1834 1843 1848 1851 1855 1856 1868 1887 1916 1984 1978 1916 1883
2000 1963 1922 1896 1886 1883 1891 1899 1913 1925 1933 1941 1927 1897 1884 1872 1868 1858 1840 1820 1791 1729 1715 1748 1796 1820 1838 1854 1867 1882 1888 1888 1878 1844 1811 1800 1799 1799 1792 1796 1803 1808 1804 1798 1790 1768 1735 1702 1655 1607 1598 1594 1616 1657 1691 1700 1699 1671 1630 1596 1567 1546 1560 1590 1620 1659 1701 1731 1762 1793 1809 1819 1827 1828 1832 1835 1835 1853 1877 1909 1969 1985 1938 1899
2003 1980 1931 1898 1892 1894 1900 1915 1931 1949 1965 1988 1991 1960 1923 1898 1893 1875 1854 1827 1790 1729 1743 1791 1820 1844 1864 1882 1899 1906 1911 1907 1898 1866 1832 1816 1819 1825 1827 1830 1835 1829 1815 1799 1772 1740 1708 1676 1631 1599 1599 1622 1662 1699 1701 1700 1700 1694 1657 1623 1591 1561 1552 1569 1594 1628 1672 1712 1742 1769 1790 1804 1809 1809 1812 1813 1818 1841 1872 1901 1949 1981 1970 1929
2004 1991 1942 1901 1899 1903 1911 1922 1943 1965 1986 2002 2011 2005 1971 1930 1910 1891 1862 1826 1786 1743 1780 1816 1843 1867 1888 1905 1915 1922 1927 1921 1905 1889 1879 1871 1866 1869 1867 1865 1855 1833 1808 1778 1744 1711 1688 1662 1633 1603 1619 1668 1702 1707 1707 1706 1703 1701 1680 1645 1610 1584 1560 1558 1576 1597 1638 1684 1717 1743 1767 1782 1789 1788 1793 1799 1806 1832 1863 1890 1916 1959 1975 1970
2005 2000 1957 1915 1904 1919 1923 1929 1941 1969 1996 2009 2016 2008 1987 1958 1930 1906 1880 1826 1783 1764 1804 1838 1867 1891 1908 1923 1936 1942 1940 1931 1916 1907 1900 1897 1894 1890 1882 1867 1847 1820 1793 1751 1714 1690 1668 1653 1650 1661 1681 1704 1713 1718 1718 1716 1712 1708 1701 1668 1634 1603 1583 1564 1566 1583 1600 1645 1694 1724 1745 1758 1764 1765 1777 1791 1809 1835 1859 1879 1894 1914 1940 1961
2006 2000 1963 1921 1925 1936 1944 1939 1942 1958 1992 2008 2011 2001 1987 1963 1936 1913 1880 1820 1793 1796 1829 1864 1894 1913 1931 1947 1956 1956 1948 1937 1922 1912 1902 1890 1884 1882 1871 1842 1818 1795 1757 1713 1691 1671 1657 1656 1670 1689 1706 1717 1726 1730 1731 1729 1724 1719 1710 1690 1657 1626 1599 1581 1569 1574 1590 1607 1659 1704 1723 1735 1737 1744 1760 1784 1809 1830 1849 1865 1879 1889 1898 1917
2007 2000 1959 1922 1942 1961 1968 1959 1950 1950 1967 1984 1993 1981 1972 1956 1936 1914 1880 1811 1799 1823 1862 1898 1917 1939 1957 1968 1967 1959 1946 1931 1916 1906 1894 1875 1859 1850 1839 1814 1788 1752 1711 1690 1673 1660 1659 1674 1692 1706 1719 1731 1739 1745 1746 1743 1739 1732 1721 1702 1674 1646 1619 1596 1580 1575 1582 1595 1615 1664 1701 1713 1713 1725 1747 1776 1802 1820 1836 1849 1861 1871 1880 1891
2008 2001 1965 1935 1959 1989 1992 1991 1982 1969 1958 1952 1950 1949 1944 1939 1927 1912 1882 1819 1810 1850 1896 1926 1946 1967 1978 1977 1967 1953 1934 1917 1905 1893 1877 1858 1839 1823 1809 1782 1745 1708 1692 1676 1664 1664 1679 1695 1709 1721 1734 1746 1754 1760 1761 1759 1754 1747 1730 1711 1688 1661 1635 1609 1592 1582 1582 1589 1597 1625 1664 1689 1698 1710 1736 1763 1788 1806 1820 1833 1843 1853 1861 1872
2009 2001 1973 1968 1994 1996 1990 1987 1990 1996 1999 1999 1971 1955 1938 1927 1915 1903 1882 1855 1853 1887 1970 1979 1980 1985 1984 1974 1953 1932 1915 1904 1889 1872 1856 1839 1821 1804 1776 1738 1701 1689 1676 1669 1668 1680 1696 1713 1726 1738 1750 1761 1769 1774 1777 1775 1771 1759 1742 1721 1700 1673 1647 1620 1597 1588 1589 1591 1595 1597 1631 1654 1675 1695 1721 1746 1767 1787 1803 1815 1826 1835 1842 1850
2013 2003 1987 1995 1997 1990 1988 1987 1987 1990 1997 1999 2000 1986 1962 1936 1914 1900 1894 1888 1890 1967 2004 2007 1996 1988 1977 1955 1928 1910 1898 1882 1867 1850 1834 1819 1802 1771 1738 1699 1687 1677 1673 1672 1679 1694 1711 1731 1745 1756 1767 1777 1786 1790 1792 1791 1786 1772 1755 1733 1710 1685 1659 1629 1604 1595 1597 1598 1599 1600 1611 1628 1646 1677 1704 1726 1747 1764 1782 1797 1808 1815 1820 1827
2017 2007 2001 2001 2001 2000 1999 1994 1992 1993 1995 1998 1999 1993 1967 1939 1912 1899 1900 1899 1926 1986 2008 2002 1984 1968 1956 1927 1906 1885 1868 1855 1842 1827 1811 1794 1764 1730 1699 1688 1681 1683 1687 1691 1695 1699 1729 1750 1764 1776 1785 1795 1804 1810 1812 1810 1802 1788 1767 1743 1720 1695 1664 1632 1606 1601 1614 1624 1623 1610 1607 1606 1615 1651 1683 1707 1725 1742 1759 1773 1785 1793 1798 1803
2020 2014 2010 2014 2019 2021 2019 2008 2001 2002 2002 2002 2001 1999 1969 1938 1907 1895 1895 1905 1954 1988 1998 1985 1961 1939 1926 1906 1878 1850 1836 1826 1815 1803 1785 1758 1726 1698 1689 1687 1694 1699 1710 1712 1714 1719 1744 1773 1785 1797 1807 1818 1828 1835 1837 1833 1820 1798 1774 1747 1721 1694 1662 1627 1605 1613 1635 1652 1654 1639 1622 1604 1605 1622 1655 1683 1702 1719 1735 1749 1758 1762 1756 1764
2015 2015 2020 2035 2044 2049 2043 2028 2015 2015 2014 2011 2007 2001 1974 1938 1900 1890 1898 1940 1975 1988 1986 1967 1939 1916 1904 1879 1841 1814 1799 1795 1788 1772 1751 1728 1705 1696 1695 1706 1722 1736 1744 1742 1744 1756 1774 1798 1811 1822 1834 1844 1854 1860 1863 1853 1833 1803 1777 1752 1727 1701 1651 1616 1606 1626 1660 1678 1683 1674 1653 1624 1608 1609 1625 1652 1678 1696 1711 1724 1730 1730 1723 1726
2005 2012 2026 2053 2071 2075 2066 2050 2034 2028 2028 2023 2016 1999 1970 1920 1898 1894 1929 1988 2001 1997 1985 1960 1930 1904 1886 1852 1815 1794 1777 1765 1752 1737 1720 1710 1707 1704 1717 1748 1767 1776 1778 1770 1774 1784 1797 1821 1838 1848 1859 1871 1880 1886 1887 1871 1840 1804 1777 1752 1726 1700 1660 1616 1614 1640 1680 1703 1710 1702 1685 1660 1630 1615 1616 1628 1650 1675 1689 1699 1706 1708 1712 1725
