target/classes/dem2.txt
ncols         205
nrows         204
xllcorner     0
yllcorner     0
cellsize      2
NODATA_value  9999
[rows 38 to 75 of 204, columns 84 to 167 of 205]
1574 1564 1563 1550 1534 1512 1482 1430 1395 1368 1339 1327 1322 1321 1322 1321 1318 1316 1317 1316 1315 1313 1321 1326 1321 1313 1315 1308 1302 1298 1296 1294 1292 1287 1283 1282 1282 1279 1268 1254 1251 1251 1250 1248 1247 1252 1258 1270 1282 1290 1297 1311 1323 1338 1356 1366 1385 1400 1406 1412 1419 1425 1430 1430 1414 1392 1372 1357 1374 1407 1414 1413 1414 1409 1404 1403 1393 1381 1371 1361 1354 1342 1321 1301
1587 1584 1583 1575 1560 1535 1509 1477 1436 1399 1377 1350 1334 1324 1318 1314 1313 1311 1307 1307 1303 1300 1300 1303 1305 1301 1299 1297 1294 1291 1288 1285 1282 1279 1276 1272 1268 1264 1258 1254 1253 1255 1257 1253 1249 1246 1245 1252 1255 1264 1274 1285 1289 1295 1301 1311 1322 1338 1348 1356 1371 1382 1392 1393 1376 1359 1341 1320 1306 1355 1361 1367 1369 1365 1357 1357 1350 1344 1334 1324 1316 1307 1296 1290
1594 1590 1587 1580 1569 1551 1525 1505 1478 1443 1409 1387 1375 1362 1353 1353 1355 1348 1342 1339 1318 1309 1313 1315 1311 1304 1303 1299 1299 1298 1298 1297 1294 1291 1289 1277 1266 1259 1255 1256 1258 1265 1271 1266 1260 1259 1249 1243 1243 1244 1250 1263 1265 1276 1282 1283 1287 1294 1297 1298 1317 1326 1337 1340 1332 1324 1308 1298 1297 1296 1297 1313 1311 1310 1308 1306 1304 1303 1297 1291 1285 1280 1276 1272
1582 1577 1574 1567 1559 1549 1528 1512 1503 1480 1446 1421 1409 1402 1397 1399 1400 1396 1388 1376 1357 1338 1345 1344 1331 1331 1332 1326 1322 1321 1320 1315 1309 1304 1301 1288 1266 1257 1256 1263 1271 1279 1286 1284 1281 1277 1269 1257 1246 1241 1240 1243 1245 1252 1262 1257 1260 1270 1270 1275 1283 1288 1292 1294 1293 1292 1284 1277 1272 1273 1272 1279 1276 1275 1274 1273 1272 1271 1270 1258 1250 1248 1251 1247
1557 1549 1546 1537 1532 1529 1515 1503 1498 1497 1487 1464 1446 1444 1438 1435 1430 1419 1407 1402 1387 1374 1376 1371 1363 1368 1366 1360 1354 1350 1344 1335 1324 1314 1304 1292 1269 1257 1260 1275 1285 1293 1299 1300 1298 1295 1292 1281 1267 1253 1244 1239 1237 1237 1243 1238 1238 1241 1243 1247 1253 1258 1265 1268 1266 1269 1255 1246 1239 1239 1242 1242 1239 1237 1235 1234 1232 1230 1239 1224 1217 1217 1223 1224
1523 1519 1512 1508 1506 1501 1490 1484 1482 1490 1495 1489 1481 1473 1463 1451 1436 1418 1404 1399 1391 1390 1389 1385 1384 1382 1378 1373 1366 1358 1348 1335 1320 1307 1297 1279 1262 1260 1268 1286 1297 1315 1333 1336 1332 1327 1317 1301 1290 1278 1262 1247 1241 1238 1235 1234 1232 1231 1230 1230 1230 1233 1236 1240 1238 1244 1228 1223 1221 1219 1218 1217 1215 1214 1213 1211 1210 1209 1210 1207 1205 1204 1206 1208
1496 1497 1495 1481 1473 1467 1463 1461 1461 1466 1480 1479 1467 1457 1437 1422 1408 1397 1387 1379 1373 1380 1384 1379 1374 1371 1368 1361 1353 1342 1331 1317 1303 1293 1281 1265 1261 1270 1286 1299 1328 1354 1373 1372 1369 1361 1345 1327 1312 1296 1282 1269 1258 1250 1249 1246 1243 1238 1234 1231 1229 1226 1225 1225 1223 1223 1221 1220 1219 1218 1217 1217 1216 1216 1214 1214 1213 1212 1214 1223 1211 1211 1212 1211
1492 1498 1486 1455 1433 1430 1436 1439 1438 1437 1447 1438 1421 1412 1397 1390 1382 1370 1361 1349 1345 1345 1353 1348 1339 1339 1337 1328 1321 1313 1306 1297 1283 1273 1264 1262 1271 1289 1305 1335 1362 1388 1406 1406 1403 1389 1369 1353 1336 1316 1297 1285 1274 1272 1273 1273 1271 1265 1258 1253 1247 1238 1239 1226 1228 1227 1229 1235 1239 1239 1237 1241 1242 1243 1242 1242 1244 1243 1245 1252 1242 1243 1239 1220
1505 1498 1475 1436 1407 1401 1410 1417 1415 1411 1409 1399 1389 1383 1373 1364 1356 1343 1336 1325 1315 1310 1310 1309 1307 1306 1305 1300 1297 1296 1291 1278 1266 1264 1265 1270 1285 1303 1343 1374 1401 1415 1429 1431 1428 1412 1394 1378 1358 1337 1314 1296 1292 1293 1294 1296 1296 1292 1287 1284 1278 1263 1261 1249 1247 1247 1257 1265 1271 1271 1274 1278 1279 1280 1280 1280 1282 1282 1283 1281 1280 1277 1257 1217
1523 1500 1477 1441 1409 1390 1395 1395 1393 1388 1382 1376 1365 1357 1348 1338 1332 1316 1308 1300 1295 1292 1290 1289 1289 1289 1287 1284 1283 1285 1280 1267 1263 1266 1278 1286 1298 1335 1381 1409 1429 1443 1452 1455 1452 1438 1423 1400 1379 1357 1333 1310 1299 1304 1319 1325 1324 1319 1314 1309 1300 1288 1283 1279 1275 1275 1283 1293 1297 1298 1304 1312 1314 1317 1319 1323 1325 1325 1323 1314 1309 1299 1262 1217
1513 1498 1473 1439 1408 1400 1390 1379 1368 1363 1358 1352 1342 1332 1322 1312 1307 1296 1289 1286 1280 1278 1275 1272 1273 1274 1271 1269 1272 1274 1270 1265 1268 1276 1288 1298 1328 1364 1406 1437 1459 1473 1477 1480 1477 1468 1455 1431 1401 1378 1353 1323 1310 1320 1345 1357 1355 1348 1342 1336 1324 1311 1303 1298 1296 1296 1302 1326 1340 1346 1354 1362 1364 1374 1376 1384 1390 1381 1374 1360 1349 1325 1295 1246
1497 1479 1460 1431 1405 1399 1381 1360 1343 1337 1333 1328 1318 1308 1299 1292 1287 1279 1275 1271 1270 1269 1269 1269 1270 1272 1270 1268 1267 1268 1267 1269 1277 1286 1295 1316 1357 1392 1428 1463 1490 1502 1505 1505 1505 1500 1489 1464 1430 1397 1365 1327 1318 1348 1370 1386 1385 1377 1368 1360 1348 1338 1321 1299 1300 1307 1336 1363 1383 1394 1402 1407 1408 1416 1420 1425 1426 1419 1414 1401 1379 1350 1317 1273
1474 1456 1440 1417 1399 1389 1370 1344 1322 1311 1309 1304 1297 1290 1283 1275 1270 1270 1269 1270 1272 1278 1283 1282 1286 1288 1287 1280 1275 1269 1268 1274 1283 1292 1299 1339 1381 1422 1460 1494 1512 1523 1527 1528 1527 1522 1513 1491 1457 1415 1363 1323 1325 1365 1395 1415 1419 1407 1394 1385 1375 1363 1340 1323 1317 1334 1365 1397 1411 1421 1427 1433 1436 1445 1457 1462 1458 1451 1442 1425 1403 1372 1330 1285
1451 1433 1416 1399 1385 1370 1356 1338 1311 1296 1294 1288 1281 1276 1274 1273 1276 1278 1280 1281 1286 1296 1298 1299 1305 1310 1305 1295 1286 1272 1270 1278 1288 1296 1323 1364 1405 1449 1489 1514 1531 1543 1549 1550 1550 1544 1531 1511 1475 1431 1383 1332 1340 1387 1424 1454 1463 1455 1437 1418 1402 1388 1370 1352 1348 1361 1390 1412 1428 1441 1451 1459 1465 1474 1487 1495 1488 1482 1468 1445 1418 1384 1340 1296
1425 1408 1393 1380 1368 1353 1337 1323 1305 1292 1282 1278 1277 1279 1284 1290 1296 1297 1298 1302 1303 1354 1366 1357 1355 1345 1329 1308 1292 1273 1269 1281 1292 1304 1350 1393 1432 1474 1509 1530 1548 1563 1570 1572 1572 1564 1548 1524 1492 1445 1395 1351 1363 1408 1455 1490 1501 1501 1485 1463 1443 1422 1395 1379 1378 1384 1407 1426 1443 1458 1472 1483 1491 1501 1509 1514 1508 1503 1487 1459 1426 1393 1350 1306
1399 1385 1369 1350 1340 1331 1320 1309 1297 1288 1281 1282 1290 1295 1301 1332 1360 1387 1407 1415 1421 1423 1418 1406 1385 1363 1339 1313 1292 1272 1268 1281 1296 1330 1376 1419 1458 1499 1524 1547 1566 1582 1592 1594 1595 1585 1566 1539 1509 1462 1405 1371 1387 1431 1485 1510 1520 1523 1516 1503 1480 1456 1420 1398 1395 1399 1420 1441 1458 1474 1489 1504 1516 1527 1533 1529 1519 1508 1494 1465 1433 1402 1360 1316
1377 1359 1341 1321 1312 1307 1304 1296 1298 1293 1296 1302 1333 1360 1388 1411 1435 1453 1463 1475 1479 1468 1450 1424 1396 1367 1337 1309 1288 1270 1272 1289 1311 1360 1403 1442 1481 1516 1545 1567 1585 1602 1612 1613 1610 1603 1585 1557 1520 1473 1417 1396 1407 1466 1510 1531 1544 1549 1540 1526 1510 1485 1442 1399 1400 1405 1434 1456 1475 1491 1509 1532 1547 1549 1542 1530 1513 1501 1480 1456 1430 1404 1367 1325
1353 1331 1317 1307 1303 1303 1307 1312 1312 1325 1347 1398 1418 1433 1450 1474 1499 1500 1500 1500 1500 1494 1462 1424 1390 1357 1323 1296 1276 1269 1281 1297 1340 1393 1432 1472 1508 1537 1567 1594 1610 1623 1633 1632 1628 1619 1605 1574 1531 1486 1428 1399 1432 1488 1524 1552 1570 1574 1565 1550 1529 1506 1468 1421 1400 1419 1451 1475 1493 1522 1552 1559 1558 1548 1531 1512 1500 1479 1458 1436 1412 1388 1360 1324
1329 1314 1307 1306 1309 1322 1337 1348 1356 1379 1404 1432 1466 1485 1501 1504 1506 1503 1502 1500 1500 1491 1451 1409 1374 1339 1306 1284 1269 1273 1290 1319 1369 1416 1458 1497 1532 1563 1591 1615 1633 1646 1655 1652 1645 1634 1614 1582 1540 1498 1447 1423 1455 1505 1539 1570 1592 1597 1587 1567 1544 1514 1471 1422 1416 1441 1473 1495 1522 1559 1561 1558 1540 1523 1506 1489 1470 1451 1432 1412 1391 1366 1341 1311
1313 1308 1308 1314 1330 1349 1370 1385 1398 1430 1463 1491 1503 1508 1513 1514 1515 1513 1505 1500 1499 1471 1428 1389 1351 1316 1294 1275 1270 1282 1299 1353 1403 1436 1476 1517 1555 1590 1618 1639 1657 1669 1677 1672 1663 1646 1624 1596 1553 1509 1490 1476 1484 1519 1555 1588 1600 1600 1600 1582 1548 1511 1462 1419 1431 1473 1499 1524 1552 1561 1542 1528 1508 1494 1475 1454 1436 1420 1404 1386 1366 1341 1317 1298
1310 1311 1317 1330 1351 1378 1395 1426 1451 1483 1504 1513 1520 1526 1528 1527 1521 1516 1507 1500 1473 1441 1406 1368 1330 1298 1292 1282 1280 1296 1330 1383 1426 1458 1492 1533 1572 1611 1647 1671 1684 1693 1699 1692 1680 1667 1640 1609 1566 1521 1499 1498 1500 1534 1572 1600 1600 1601 1601 1600 1558 1506 1457 1439 1470 1502 1528 1554 1557 1542 1517 1499 1477 1455 1435 1418 1401 1393 1377 1355 1338 1320 1301 1299
1317 1325 1336 1351 1370 1391 1432 1475 1500 1510 1521 1532 1539 1540 1536 1530 1520 1510 1502 1481 1447 1415 1381 1344 1308 1287 1284 1291 1295 1312 1358 1403 1440 1477 1515 1559 1598 1642 1678 1703 1710 1711 1711 1707 1701 1687 1655 1619 1574 1522 1500 1500 1518 1555 1592 1605 1608 1606 1603 1598 1553 1499 1475 1481 1506 1530 1552 1553 1530 1506 1485 1457 1440 1417 1399 1400 1389 1376 1363 1354 1341 1321 1304 1302
1339 1351 1363 1374 1388 1406 1462 1501 1512 1528 1542 1550 1550 1545 1536 1524 1511 1501 1478 1450 1419 1388 1353 1317 1292 1274 1273 1286 1299 1336 1384 1424 1460 1497 1537 1582 1634 1684 1704 1721 1730 1732 1730 1721 1712 1703 1677 1638 1597 1540 1502 1502 1536 1576 1612 1633 1634 1627 1615 1601 1546 1503 1498 1509 1535 1551 1551 1529 1501 1465 1433 1412 1410 1400 1400 1398 1397 1386 1385 1384 1377 1363 1349 1345
1367 1378 1388 1396 1413 1443 1481 1506 1525 1546 1558 1559 1554 1541 1525 1511 1502 1480 1452 1423 1392 1359 1325 1297 1284 1272 1280 1295 1323 1360 1402 1444 1482 1518 1557 1598 1652 1700 1718 1739 1752 1755 1747 1735 1725 1714 1700 1660 1616 1570 1529 1523 1551 1591 1638 1671 1674 1658 1630 1601 1566 1526 1546 1550 1550 1549 1524 1501 1469 1425 1409 1408 1423 1429 1407 1414 1426 1421 1421 1420 1412 1405 1397 1378
1391 1399 1425 1451 1465 1474 1496 1510 1540 1562 1567 1563 1547 1530 1512 1500 1479 1455 1428 1399 1368 1337 1302 1287 1276 1277 1291 1307 1343 1379 1417 1457 1499 1538 1576 1616 1663 1706 1732 1757 1773 1779 1759 1749 1737 1724 1709 1679 1636 1595 1573 1567 1576 1607 1662 1700 1696 1665 1621 1598 1586 1565 1569 1556 1537 1526 1499 1469 1433 1423 1439 1454 1473 1489 1503 1508 1500 1479 1468 1457 1444 1430 1413 1400
1425 1454 1487 1507 1512 1505 1514 1530 1558 1574 1573 1559 1534 1515 1501 1479 1456 1432 1406 1376 1345 1314 1294 1279 1274 1282 1295 1319 1354 1389 1426 1465 1505 1541 1576 1612 1660 1705 1741 1774 1792 1789 1773 1761 1749 1734 1717 1700 1658 1609 1598 1595 1597 1630 1689 1703 1701 1669 1629 1601 1599 1589 1578 1550 1523 1506 1481 1447 1441 1461 1491 1504 1510 1520 1527 1530 1522 1512 1500 1487 1468 1446 1424 1405
1474 1503 1516 1531 1541 1540 1549 1563 1581 1582 1566 1539 1519 1502 1482 1459 1436 1412 1383 1353 1322 1296 1285 1275 1277 1287 1299 1328 1358 1388 1425 1466 1504 1537 1568 1601 1649 1696 1739 1784 1801 1797 1786 1774 1761 1745 1729 1713 1682 1624 1600 1600 1599 1651 1703 1717 1705 1677 1636 1610 1595 1600 1581 1545 1511 1495 1469 1462 1482 1503 1520 1532 1536 1545 1552 1552 1545 1526 1505 1501 1480 1457 1432 1409
1507 1524 1538 1553 1566 1575 1584 1592 1591 1581 1558 1526 1504 1483 1461 1440 1417 1390 1359 1329 1299 1288 1277 1276 1284 1293 1310 1341 1369 1395 1430 1467 1498 1531 1561 1591 1633 1677 1729 1791 1814 1817 1800 1788 1773 1758 1742 1724 1701 1651 1603 1600 1619 1680 1715 1728 1703 1676 1649 1623 1604 1599 1581 1540 1507 1494 1488 1501 1514 1532 1549 1561 1565 1569 1578 1576 1566 1535 1506 1495 1473 1450 1427 1405
1523 1541 1557 1574 1589 1603 1601 1600 1596 1569 1537 1509 1485 1461 1441 1420 1397 1365 1332 1302 1292 1280 1276 1280 1289 1298 1327 1362 1388 1399 1429 1469 1498 1510 1537 1575 1612 1656 1713 1786 1820 1843 1832 1804 1788 1773 1756 1735 1714 1685 1638 1624 1658 1705 1734 1737 1704 1682 1657 1634 1614 1601 1574 1534 1502 1498 1511 1533 1548 1563 1578 1589 1593 1595 1600 1599 1578 1539 1505 1482 1461 1439 1417 1389
1538 1556 1574 1591 1626 1624 1608 1600 1589 1555 1519 1491 1465 1440 1417 1397 1367 1336 1304 1296 1288 1280 1281 1287 1295 1313 1357 1388 1409 1422 1454 1488 1499 1500 1523 1560 1591 1635 1699 1760 1810 1852 1865 1840 1806 1788 1769 1749 1728 1705 1678 1681 1695 1726 1749 1732 1700 1675 1654 1633 1613 1595 1556 1518 1501 1512 1538 1562 1582 1595 1608 1617 1623 1622 1624 1610 1578 1527 1491 1468 1445 1424 1403 1358
1554 1571 1589 1616 1646 1636 1617 1603 1572 1532 1497 1471 1446 1420 1393 1363 1333 1305 1291 1291 1293 1287 1291 1297 1316 1356 1396 1425 1453 1477 1492 1500 1499 1505 1530 1564 1593 1608 1681 1740 1795 1839 1876 1879 1846 1805 1784 1763 1740 1716 1698 1699 1706 1747 1752 1716 1686 1659 1634 1616 1600 1574 1537 1510 1508 1532 1566 1590 1609 1625 1639 1653 1659 1652 1640 1614 1571 1515 1479 1450 1430 1408 1382 1348
1567 1584 1602 1628 1640 1628 1612 1599 1551 1505 1476 1450 1425 1401 1368 1333 1300 1289 1280 1282 1294 1296 1299 1326 1360 1400 1430 1461 1493 1510 1519 1527 1533 1543 1557 1581 1597 1610 1655 1703 1763 1812 1861 1892 1878 1835 1800 1779 1755 1728 1706 1697 1701 1716 1724 1699 1671 1630 1608 1596 1581 1556 1526 1515 1528 1560 1591 1613 1632 1648 1667 1677 1673 1660 1633 1603 1539 1493 1468 1435 1407 1398 1386 1382
1579 1592 1614 1634 1633 1618 1605 1573 1526 1486 1456 1429 1403 1374 1342 1308 1293 1283 1280 1287 1295 1303 1330 1361 1398 1429 1461 1493 1513 1528 1541 1552 1564 1579 1593 1600 1617 1641 1676 1697 1732 1789 1827 1883 1896 1867 1832 1797 1773 1747 1724 1707 1697 1700 1699 1695 1667 1624 1600 1596 1573 1552 1530 1528 1553 1587 1615 1639 1655 1669 1683 1686 1673 1644 1615 1568 1497 1483 1460 1435 1415 1409 1415 1431
1591 1601 1614 1626 1622 1608 1588 1540 1497 1470 1438 1408 1379 1347 1315 1295 1285 1280 1286 1294 1307 1331 1358 1389 1422 1456 1488 1511 1527 1543 1560 1574 1589 1607 1626 1640 1661 1685 1702 1713 1745 1788 1825 1881 1900 1897 1871 1833 1793 1768 1748 1731 1712 1699 1700 1697 1676 1642 1623 1606 1590 1566 1544 1544 1574 1603 1640 1667 1677 1686 1691 1682 1656 1625 1600 1526 1497 1491 1479 1461 1444 1451 1463 1485
1599 1595 1595 1602 1601 1587 1556 1508 1478 1453 1426 1393 1357 1325 1298 1290 1281 1282 1292 1301 1328 1356 1384 1413 1445 1478 1506 1524 1541 1557 1574 1592 1610 1629 1651 1674 1697 1716 1735 1752 1782 1823 1871 1908 1927 1923 1908 1879 1825 1788 1774 1759 1736 1718 1706 1700 1693 1677 1657 1634 1613 1588 1561 1562 1591 1626 1665 1695 1698 1699 1691 1668 1641 1612 1560 1499 1492 1496 1493 1487 1485 1493 1502 1517
1584 1572 1568 1566 1559 1542 1517 1491 1464 1436 1411 1382 1347 1311 1293 1284 1282 1290 1298 1320 1347 1375 1404 1432 1463 1496 1519 1537 1555 1571 1588 1607 1629 1648 1668 1693 1716 1737 1758 1781 1811 1848 1890 1923 1951 1956 1938 1915 1882 1799 1795 1784 1767 1752 1739 1731 1719 1705 1683 1658 1631 1603 1582 1583 1608 1650 1691 1714 1722 1705 1686 1660 1629 1601 1519 1495 1490 1493 1499 1503 1516 1524 1534 1542
1550 1543 1534 1529 1515 1498 1485 1471 1449 1422 1395 1365 1335 1305 1291 1282 1283 1293 1307 1337 1363 1391 1418 1444 1471 1501 1530 1551 1569 1587 1603 1622 1643 1665 1685 1705 1727 1750 1774 1797 1829 1863 1900 1932 1963 1972 1963 1939 1917 1844 1800 1816 1798 1786 1773 1758 1742 1724 1702 1674 1645 1614 1596 1598 1633 1673 1709 1739 1742 1716 1688 1654 1620 1581 1514 1499 1499 1526 1539 1550 1553 1553 1556 1547
1521 1511 1502 1495 1483 1471 1459 1447 1429 1407 1379 1348 1317 1297 1289 1282 1287 1296 1314 1347 1378 1406 1431 1456 1482 1509 1538 1564 1585 1602 1620 1638 1658 1680 1701 1719 1738 1759 1782 1807 1839 1870 1902 1932 1960 1976 1977 1962 1946 1902 1878 1869 1846 1823 1798 1780 1760 1737 1712 1684 1657 1631 1601 1620 1667 1702 1733 1761 1758 1723 1688 1652 1618 1598 1588 1586 1590 1592 1597 1588 1580 1571 1553 1535
