target/classes/dem2.txt
ncols         205
nrows         204
xllcorner     0
yllcorner     0
cellsize      2
NODATA_value  9999
[rows 114 to 151 of 204, columns 84 to 167 of 205]
1619 1648 1676 1701 1705 1709 1713 1716 1715 1709 1703 1699 1699 1703 1738 1773 1771 1747 1712 1673 1614 1594 1596 1584 1566 1542 1516 1487 1463 1440 1418 1395 1371 1361 1372 1391 1403 1416 1441 1492 1532 1573 1609 1636 1665 1695 1713 1730 1749 1766 1781 1797 1818 1847 1879 1901 1913 1927 1938 1943 1952 1960 1975 1987 1964 1917 1877 1841 1815 1789 1739 1712 1715 1732 1745 1761 1778 1792 1801 1800 1792 1764 1728 1702
1624 1655 1686 1705 1713 1717 1722 1724 1723 1716 1708 1702 1697 1704 1742 1776 1770 1732 1701 1657 1608 1591 1597 1598 1577 1551 1510 1481 1459 1437 1417 1396 1377 1364 1368 1385 1402 1439 1481 1520 1558 1597 1621 1645 1671 1700 1716 1734 1752 1769 1785 1800 1811 1836 1863 1884 1899 1909 1916 1916 1918 1921 1947 1981 1981 1937 1894 1863 1839 1813 1782 1736 1710 1701 1706 1721 1736 1745 1759 1772 1766 1745 1719 1703
1623 1656 1689 1710 1723 1727 1729 1729 1726 1720 1710 1702 1697 1703 1737 1767 1756 1717 1682 1645 1613 1613 1602 1603 1585 1546 1499 1468 1443 1426 1406 1393 1380 1367 1370 1386 1402 1444 1487 1527 1567 1604 1627 1651 1674 1699 1714 1729 1745 1762 1777 1790 1801 1816 1832 1848 1861 1875 1881 1882 1881 1887 1906 1946 1971 1950 1911 1884 1857 1832 1808 1777 1732 1702 1692 1685 1691 1704 1722 1734 1734 1720 1708 1700
1608 1649 1694 1713 1731 1737 1736 1731 1724 1716 1706 1701 1698 1702 1725 1746 1734 1710 1684 1659 1645 1625 1611 1601 1594 1540 1485 1452 1423 1400 1396 1388 1375 1370 1375 1389 1405 1444 1481 1520 1562 1601 1626 1650 1673 1698 1709 1721 1735 1750 1764 1772 1779 1787 1796 1809 1818 1827 1833 1838 1839 1855 1883 1915 1947 1948 1924 1900 1876 1852 1827 1805 1769 1732 1697 1665 1647 1662 1685 1700 1708 1703 1700 1699
1622 1658 1700 1718 1736 1742 1738 1723 1711 1700 1701 1699 1699 1701 1713 1723 1714 1702 1693 1675 1655 1636 1620 1607 1600 1515 1478 1435 1398 1393 1388 1382 1375 1373 1376 1388 1398 1429 1466 1506 1547 1589 1620 1648 1677 1700 1703 1712 1723 1736 1747 1750 1754 1757 1761 1769 1773 1779 1786 1795 1804 1831 1864 1892 1914 1924 1919 1903 1890 1870 1847 1824 1801 1764 1725 1689 1644 1623 1628 1645 1672 1695 1700 1702
1650 1673 1703 1725 1744 1746 1735 1713 1699 1695 1687 1689 1697 1699 1703 1706 1702 1701 1693 1678 1661 1643 1626 1611 1600 1520 1492 1443 1398 1391 1385 1383 1379 1376 1377 1385 1394 1407 1447 1488 1529 1570 1607 1635 1666 1696 1700 1704 1712 1721 1724 1725 1728 1728 1725 1728 1729 1730 1729 1746 1779 1812 1843 1871 1890 1897 1898 1897 1896 1887 1871 1850 1822 1796 1758 1720 1682 1631 1609 1610 1621 1642 1662 1664
1681 1692 1707 1732 1751 1750 1731 1708 1694 1680 1667 1666 1675 1683 1687 1691 1691 1686 1686 1675 1661 1645 1629 1614 1601 1556 1518 1476 1423 1398 1393 1390 1387 1383 1379 1381 1388 1398 1431 1471 1510 1548 1585 1617 1647 1675 1694 1700 1701 1706 1702 1701 1701 1699 1689 1687 1689 1697 1699 1721 1760 1799 1826 1855 1869 1874 1878 1879 1883 1887 1883 1872 1845 1816 1790 1754 1714 1675 1634 1614 1598 1600 1604 1612
1691 1694 1714 1745 1758 1749 1725 1702 1680 1660 1644 1641 1653 1662 1670 1676 1677 1673 1670 1666 1655 1643 1629 1614 1602 1573 1540 1508 1469 1433 1411 1399 1396 1392 1386 1383 1385 1396 1408 1446 1486 1523 1560 1593 1620 1642 1656 1659 1659 1669 1660 1652 1650 1650 1645 1651 1666 1683 1696 1712 1758 1800 1816 1836 1846 1850 1855 1858 1859 1870 1876 1872 1857 1834 1811 1788 1747 1707 1677 1640 1606 1599 1594 1579
1691 1695 1714 1751 1763 1743 1714 1692 1666 1638 1621 1617 1635 1645 1653 1661 1662 1660 1654 1653 1643 1635 1623 1611 1600 1574 1548 1521 1493 1455 1428 1412 1405 1401 1396 1389 1387 1390 1397 1425 1464 1499 1535 1567 1587 1602 1609 1607 1613 1618 1613 1602 1600 1604 1611 1626 1647 1669 1688 1711 1756 1797 1806 1817 1823 1826 1830 1834 1835 1842 1852 1848 1845 1835 1819 1802 1768 1731 1697 1661 1625 1600 1581 1555
1695 1703 1732 1767 1759 1727 1701 1677 1652 1625 1603 1599 1617 1628 1637 1646 1647 1646 1641 1635 1630 1623 1615 1605 1588 1565 1542 1518 1493 1466 1440 1422 1416 1413 1403 1389 1370 1389 1396 1406 1442 1477 1511 1536 1554 1564 1568 1569 1575 1576 1575 1582 1589 1597 1605 1626 1644 1662 1681 1701 1736 1767 1789 1797 1801 1803 1807 1811 1813 1814 1815 1815 1813 1811 1804 1794 1769 1739 1708 1675 1640 1605 1572 1535
1714 1734 1771 1773 1745 1708 1681 1658 1636 1611 1592 1592 1600 1611 1623 1631 1633 1632 1627 1622 1616 1610 1603 1592 1573 1553 1531 1508 1486 1462 1439 1423 1418 1416 1404 1397 1393 1392 1393 1397 1420 1455 1485 1504 1519 1526 1527 1533 1536 1539 1548 1562 1575 1587 1601 1619 1637 1655 1675 1694 1723 1749 1768 1777 1777 1774 1778 1784 1787 1787 1786 1785 1783 1783 1780 1768 1752 1728 1707 1678 1644 1610 1564 1522
1738 1762 1780 1757 1717 1687 1659 1635 1617 1599 1594 1592 1593 1597 1610 1617 1618 1617 1614 1609 1603 1596 1584 1570 1554 1537 1518 1496 1471 1451 1431 1415 1407 1403 1398 1394 1387 1383 1379 1389 1399 1427 1456 1477 1489 1489 1489 1496 1501 1510 1530 1548 1565 1582 1596 1608 1628 1653 1681 1701 1710 1736 1748 1747 1745 1743 1745 1752 1756 1758 1758 1757 1752 1753 1746 1736 1723 1708 1685 1660 1630 1603 1555 1501
1761 1778 1759 1719 1692 1666 1635 1611 1598 1594 1584 1578 1576 1577 1593 1602 1604 1604 1601 1593 1583 1573 1562 1546 1531 1516 1498 1473 1449 1432 1416 1402 1397 1393 1389 1385 1382 1379 1379 1385 1395 1411 1437 1452 1460 1442 1449 1467 1488 1507 1526 1546 1565 1583 1596 1599 1633 1682 1713 1709 1705 1725 1729 1715 1712 1712 1713 1719 1724 1728 1730 1728 1722 1722 1712 1702 1693 1677 1657 1633 1608 1573 1529 1489
1781 1773 1738 1695 1682 1651 1618 1597 1592 1590 1574 1557 1551 1549 1566 1575 1584 1587 1581 1574 1562 1551 1540 1524 1507 1489 1465 1440 1422 1406 1398 1393 1390 1387 1387 1387 1385 1381 1379 1382 1392 1399 1418 1427 1426 1417 1439 1473 1499 1512 1530 1550 1570 1586 1597 1600 1632 1705 1723 1707 1713 1730 1707 1700 1700 1697 1688 1687 1691 1698 1701 1699 1689 1688 1681 1666 1656 1638 1619 1603 1567 1532 1502 1477
1799 1779 1742 1705 1687 1654 1611 1591 1590 1589 1570 1544 1527 1520 1536 1545 1555 1561 1559 1554 1544 1530 1518 1504 1477 1451 1430 1406 1397 1393 1390 1388 1390 1393 1396 1397 1395 1390 1384 1381 1386 1393 1399 1404 1407 1415 1463 1498 1513 1528 1541 1559 1576 1591 1599 1608 1639 1689 1702 1720 1741 1746 1720 1700 1698 1689 1663 1648 1651 1659 1661 1660 1652 1648 1646 1634 1621 1604 1581 1554 1517 1495 1484 1463
1826 1810 1778 1737 1702 1676 1636 1599 1595 1591 1571 1542 1516 1502 1507 1516 1527 1535 1536 1533 1526 1511 1495 1469 1438 1408 1398 1395 1392 1391 1392 1396 1398 1408 1422 1431 1417 1398 1392 1383 1382 1385 1392 1398 1396 1434 1493 1512 1527 1542 1557 1572 1587 1598 1614 1635 1665 1692 1721 1756 1777 1770 1740 1713 1698 1676 1638 1610 1611 1621 1621 1620 1615 1607 1607 1600 1589 1574 1549 1518 1493 1478 1465 1457
1853 1833 1807 1766 1733 1709 1674 1634 1611 1596 1580 1551 1520 1498 1494 1493 1502 1511 1513 1513 1507 1489 1457 1429 1404 1394 1390 1395 1397 1399 1412 1432 1448 1457 1465 1472 1458 1424 1396 1387 1382 1384 1391 1398 1405 1472 1509 1524 1539 1555 1571 1586 1600 1618 1636 1659 1685 1713 1746 1782 1800 1791 1766 1739 1712 1685 1634 1597 1597 1590 1586 1583 1580 1574 1573 1567 1559 1544 1522 1497 1482 1468 1463 1467
1880 1857 1823 1787 1756 1730 1705 1672 1644 1621 1600 1572 1542 1511 1488 1471 1476 1488 1498 1489 1471 1448 1414 1400 1394 1399 1407 1423 1440 1459 1479 1498 1508 1508 1510 1510 1493 1452 1404 1391 1382 1385 1392 1398 1433 1501 1516 1532 1548 1565 1581 1597 1615 1633 1652 1671 1693 1725 1760 1794 1802 1803 1793 1767 1739 1712 1675 1624 1598 1580 1564 1551 1544 1537 1533 1532 1527 1518 1504 1489 1475 1470 1476 1487
1903 1882 1845 1803 1773 1748 1719 1688 1663 1639 1615 1589 1557 1524 1491 1458 1447 1452 1459 1442 1425 1404 1400 1404 1426 1450 1470 1488 1505 1522 1535 1548 1552 1554 1552 1546 1521 1484 1422 1393 1383 1385 1392 1399 1466 1507 1522 1537 1554 1570 1586 1604 1621 1638 1657 1676 1695 1721 1754 1784 1803 1809 1804 1788 1757 1732 1707 1667 1626 1597 1578 1555 1534 1522 1516 1512 1509 1505 1499 1486 1476 1478 1491 1509
1916 1900 1858 1821 1791 1763 1732 1702 1676 1650 1625 1599 1559 1520 1486 1448 1428 1416 1416 1405 1401 1402 1414 1441 1476 1504 1523 1543 1562 1585 1593 1595 1596 1598 1592 1577 1553 1516 1441 1394 1384 1385 1393 1421 1498 1513 1527 1543 1559 1574 1589 1602 1619 1636 1654 1671 1688 1710 1742 1781 1804 1813 1810 1800 1772 1747 1724 1697 1660 1628 1599 1578 1552 1526 1518 1513 1509 1504 1499 1488 1480 1486 1498 1535
1923 1901 1869 1839 1804 1773 1742 1712 1682 1653 1625 1596 1545 1499 1468 1431 1411 1403 1404 1407 1413 1425 1441 1482 1511 1539 1563 1587 1611 1626 1631 1630 1626 1612 1602 1600 1579 1535 1473 1396 1385 1388 1397 1455 1505 1518 1532 1546 1561 1574 1588 1600 1613 1630 1646 1663 1679 1698 1733 1770 1800 1811 1816 1804 1786 1766 1740 1714 1685 1655 1626 1598 1574 1550 1540 1530 1520 1509 1498 1489 1485 1491 1505 1554
1938 1911 1883 1847 1811 1781 1751 1719 1686 1655 1623 1579 1529 1488 1444 1415 1406 1410 1424 1447 1459 1463 1477 1499 1534 1569 1596 1626 1648 1664 1668 1666 1651 1626 1608 1601 1584 1538 1482 1397 1385 1389 1404 1469 1504 1516 1529 1542 1555 1567 1580 1592 1606 1621 1636 1652 1669 1689 1716 1747 1780 1805 1816 1811 1801 1778 1751 1728 1705 1677 1647 1619 1594 1577 1564 1549 1533 1517 1500 1493 1490 1495 1517 1569
1944 1916 1887 1855 1824 1794 1759 1722 1686 1653 1621 1567 1493 1470 1429 1410 1417 1446 1470 1492 1501 1504 1511 1525 1553 1589 1632 1668 1687 1700 1702 1691 1667 1636 1611 1600 1569 1524 1466 1399 1387 1389 1409 1459 1499 1510 1522 1534 1545 1555 1565 1578 1593 1609 1624 1639 1658 1676 1694 1723 1760 1799 1809 1813 1804 1789 1766 1739 1714 1692 1663 1635 1609 1591 1577 1561 1544 1526 1507 1497 1494 1498 1529 1572
1929 1906 1887 1860 1833 1807 1771 1727 1686 1652 1619 1548 1482 1442 1419 1413 1438 1476 1503 1522 1537 1545 1557 1566 1584 1615 1665 1704 1722 1728 1718 1700 1668 1632 1606 1573 1532 1495 1454 1400 1387 1388 1402 1442 1476 1502 1512 1520 1529 1539 1550 1562 1577 1593 1609 1625 1641 1658 1675 1694 1725 1764 1800 1806 1806 1796 1767 1737 1711 1696 1667 1635 1605 1601 1588 1572 1555 1536 1518 1500 1498 1502 1533 1573
1901 1891 1875 1854 1832 1811 1780 1732 1688 1652 1617 1540 1478 1437 1414 1420 1459 1496 1525 1550 1568 1584 1600 1608 1615 1657 1703 1736 1754 1740 1712 1685 1646 1612 1576 1528 1500 1472 1432 1398 1387 1387 1398 1422 1449 1475 1493 1503 1513 1523 1531 1543 1557 1574 1590 1606 1622 1638 1654 1671 1692 1724 1751 1782 1796 1783 1755 1727 1704 1684 1657 1624 1601 1600 1597 1583 1567 1549 1527 1509 1504 1514 1541 1574
1867 1865 1855 1839 1821 1806 1781 1728 1685 1650 1614 1538 1490 1449 1417 1428 1473 1508 1544 1572 1597 1626 1652 1657 1657 1683 1722 1769 1758 1722 1692 1649 1608 1581 1535 1500 1498 1477 1428 1398 1390 1386 1391 1398 1415 1434 1449 1463 1489 1503 1512 1522 1536 1551 1568 1584 1601 1617 1631 1648 1669 1688 1697 1725 1748 1752 1734 1715 1699 1685 1660 1632 1611 1609 1603 1594 1580 1561 1537 1518 1507 1528 1556 1580
1826 1832 1831 1820 1808 1800 1772 1722 1680 1646 1611 1552 1507 1466 1422 1429 1477 1518 1558 1592 1633 1676 1700 1699 1693 1698 1757 1781 1738 1695 1654 1608 1598 1568 1517 1500 1498 1492 1457 1422 1397 1391 1386 1389 1395 1398 1401 1413 1441 1460 1478 1498 1512 1528 1545 1563 1579 1593 1607 1622 1640 1657 1679 1697 1708 1726 1726 1716 1704 1695 1678 1657 1637 1636 1625 1610 1593 1573 1549 1517 1503 1529 1568 1591
1791 1799 1804 1803 1801 1785 1756 1718 1681 1644 1608 1555 1500 1455 1422 1436 1485 1526 1569 1613 1667 1706 1718 1718 1716 1714 1786 1764 1701 1684 1637 1601 1598 1583 1555 1540 1524 1519 1502 1481 1445 1400 1394 1388 1387 1389 1391 1391 1398 1413 1430 1451 1480 1506 1523 1542 1556 1569 1582 1597 1612 1631 1665 1694 1713 1733 1740 1736 1725 1714 1702 1685 1670 1657 1642 1624 1605 1584 1550 1513 1500 1520 1566 1600
1763 1772 1777 1778 1776 1766 1746 1717 1682 1645 1609 1550 1492 1447 1425 1452 1494 1540 1587 1636 1693 1722 1742 1749 1749 1752 1796 1761 1706 1687 1655 1628 1616 1612 1607 1592 1580 1569 1551 1533 1501 1453 1415 1396 1390 1389 1389 1389 1389 1391 1395 1407 1439 1470 1504 1522 1531 1543 1560 1584 1599 1622 1665 1701 1723 1746 1761 1760 1750 1739 1724 1708 1691 1673 1656 1638 1618 1594 1556 1516 1500 1514 1554 1592
1736 1745 1751 1753 1751 1744 1730 1710 1678 1640 1602 1536 1483 1439 1431 1470 1509 1561 1611 1660 1706 1734 1761 1779 1781 1787 1798 1788 1747 1707 1683 1661 1650 1643 1634 1622 1616 1607 1598 1574 1538 1498 1459 1423 1399 1398 1399 1401 1399 1397 1391 1392 1399 1428 1470 1497 1506 1518 1539 1572 1599 1637 1674 1708 1736 1761 1781 1784 1776 1761 1744 1727 1707 1688 1670 1650 1628 1603 1568 1524 1501 1508 1546 1589
1710 1719 1726 1729 1729 1721 1711 1699 1668 1634 1595 1523 1474 1435 1440 1485 1525 1571 1620 1671 1712 1742 1773 1797 1802 1814 1821 1814 1794 1754 1716 1694 1682 1673 1659 1647 1636 1626 1617 1606 1579 1539 1500 1464 1441 1434 1460 1473 1457 1438 1397 1391 1394 1399 1436 1459 1479 1497 1523 1558 1590 1630 1675 1713 1742 1771 1795 1801 1797 1781 1763 1744 1724 1704 1684 1661 1636 1610 1579 1535 1504 1505 1541 1589
1682 1693 1700 1704 1707 1701 1695 1678 1647 1616 1582 1517 1474 1436 1446 1488 1528 1573 1618 1666 1707 1738 1770 1799 1813 1838 1854 1843 1814 1786 1752 1725 1711 1698 1682 1668 1655 1644 1631 1617 1605 1580 1541 1502 1478 1478 1502 1508 1508 1485 1411 1395 1394 1397 1412 1441 1468 1492 1513 1553 1592 1632 1674 1712 1743 1774 1800 1810 1808 1800 1782 1763 1742 1721 1701 1678 1652 1624 1594 1550 1508 1504 1539 1585
1651 1658 1663 1667 1671 1662 1660 1648 1622 1591 1550 1504 1468 1439 1452 1491 1531 1577 1618 1659 1701 1731 1761 1789 1814 1846 1865 1857 1832 1806 1776 1751 1734 1716 1700 1685 1671 1656 1641 1623 1610 1603 1581 1544 1517 1512 1531 1541 1537 1513 1500 1398 1395 1396 1404 1436 1468 1495 1524 1560 1594 1633 1675 1712 1743 1773 1801 1815 1821 1813 1801 1780 1758 1737 1717 1694 1664 1631 1595 1553 1512 1503 1525 1568
1620 1622 1624 1625 1625 1622 1620 1613 1596 1569 1533 1497 1463 1442 1460 1496 1535 1581 1621 1656 1691 1717 1745 1773 1802 1829 1853 1857 1845 1818 1792 1769 1747 1725 1705 1698 1683 1666 1639 1619 1612 1606 1599 1588 1568 1559 1564 1578 1566 1530 1498 1403 1395 1396 1403 1438 1472 1502 1530 1558 1587 1623 1666 1705 1736 1768 1799 1816 1830 1829 1812 1794 1772 1750 1727 1704 1670 1633 1596 1558 1517 1503 1517 1553
1598 1591 1586 1579 1576 1571 1570 1570 1546 1536 1521 1497 1465 1447 1458 1489 1527 1578 1617 1648 1675 1700 1725 1753 1783 1806 1827 1843 1844 1826 1801 1778 1753 1729 1709 1700 1684 1655 1626 1619 1614 1607 1600 1600 1596 1600 1600 1600 1587 1549 1507 1432 1397 1396 1403 1442 1479 1510 1536 1562 1588 1623 1662 1701 1732 1763 1792 1814 1835 1840 1827 1804 1782 1759 1735 1710 1676 1636 1598 1563 1524 1505 1507 1535
1603 1588 1574 1560 1542 1531 1520 1512 1507 1504 1505 1498 1478 1452 1457 1488 1527 1578 1615 1640 1662 1682 1703 1729 1756 1781 1803 1817 1831 1824 1803 1779 1754 1729 1709 1695 1671 1642 1629 1623 1619 1616 1610 1605 1602 1599 1600 1600 1596 1553 1508 1447 1398 1397 1399 1440 1481 1513 1536 1560 1584 1614 1657 1699 1729 1757 1786 1810 1835 1848 1840 1815 1792 1767 1741 1713 1678 1638 1598 1564 1527 1509 1503 1513
1631 1622 1614 1605 1596 1586 1566 1544 1524 1521 1521 1512 1489 1461 1457 1482 1510 1562 1606 1627 1645 1663 1682 1703 1727 1751 1774 1798 1811 1812 1800 1782 1747 1718 1701 1684 1666 1649 1641 1641 1642 1637 1617 1611 1608 1605 1602 1600 1600 1563 1518 1464 1404 1397 1399 1430 1471 1507 1530 1555 1579 1605 1648 1690 1722 1750 1779 1805 1833 1854 1853 1827 1801 1773 1744 1714 1678 1639 1599 1561 1537 1521 1508 1507
1665 1658 1649 1638 1628 1621 1611 1601 1584 1567 1553 1525 1496 1471 1460 1474 1499 1546 1586 1608 1626 1640 1660 1680 1697 1719 1743 1768 1789 1791 1800 1784 1750 1718 1699 1692 1686 1676 1670 1674 1669 1649 1625 1616 1611 1608 1606 1603 1600 1567 1522 1472 1420 1398 1399 1420 1462 1501 1525 1550 1573 1596 1632 1672 1709 1739 1770 1801 1828 1858 1862 1839 1806 1779 1749 1717 1676 1628 1593 1568 1551 1546 1536 1511
