target/classes/dem2.txt
ncols         205
nrows         204
xllcorner     0
yllcorner     0
cellsize      2
NODATA_value  9999
[rows 114 to 151 of 204, columns 0 to 83 of 205]
1595 1618 1649 1673 1693 1717 1777 1800 1800 1790 1756 1717 1683 1649 1616 1584 1544 1512 1507 1527 1568 1601 1637 1672 1704 1726 1750 1774 1794 1808 1817 1813 1805 1791 1772 1758 1757 1776 1798 1846 1900 1914 1925 1928 1926 1921 1918 1914 1910 1905 1891 1860 1833 1810 1788 1766 1744 1722 1697 1670 1653 1658 1682 1702 1720 1744 1778 1765 1714 1655 1592 1558 1524 1498 1488 1489 1503 1534 1561 1576 1578 1583 1592 1598
1631 1658 1686 1707 1723 1757 1804 1800 1790 1774 1739 1702 1672 1643 1614 1585 1548 1514 1510 1539 1569 1597 1631 1665 1700 1721 1743 1765 1788 1812 1834 1840 1831 1817 1806 1796 1786 1788 1803 1849 1898 1920 1930 1927 1921 1914 1914 1909 1904 1900 1870 1833 1810 1791 1768 1742 1720 1699 1678 1668 1677 1695 1710 1728 1748 1770 1784 1759 1707 1649 1592 1556 1519 1495 1498 1508 1537 1571 1600 1600 1600 1598 1598 1598
1680 1701 1715 1733 1756 1787 1790 1781 1767 1750 1724 1691 1658 1632 1608 1583 1547 1517 1510 1524 1560 1590 1618 1653 1692 1718 1740 1763 1787 1811 1840 1863 1864 1853 1835 1828 1820 1823 1878 1902 1900 1917 1929 1918 1911 1907 1906 1902 1893 1864 1834 1801 1783 1766 1742 1720 1699 1691 1688 1697 1707 1719 1733 1753 1773 1789 1770 1737 1699 1642 1590 1548 1510 1501 1520 1543 1570 1599 1603 1604 1604 1602 1596 1595
1714 1727 1745 1763 1777 1783 1775 1759 1742 1723 1701 1668 1639 1611 1583 1562 1536 1516 1512 1521 1548 1579 1606 1646 1681 1709 1732 1757 1782 1807 1841 1870 1879 1877 1864 1859 1863 1873 1908 1905 1900 1932 1928 1906 1901 1901 1895 1873 1850 1823 1797 1777 1751 1734 1719 1706 1699 1701 1709 1720 1730 1749 1768 1774 1791 1780 1754 1720 1679 1627 1583 1533 1505 1513 1548 1578 1602 1609 1613 1616 1617 1616 1603 1599
1745 1759 1773 1779 1779 1774 1757 1735 1718 1700 1666 1624 1600 1587 1567 1549 1530 1516 1512 1521 1548 1579 1606 1638 1668 1702 1726 1751 1774 1801 1833 1864 1880 1887 1885 1885 1899 1906 1909 1912 1928 1936 1903 1898 1892 1873 1847 1823 1800 1791 1773 1748 1724 1712 1709 1713 1713 1723 1730 1742 1753 1772 1788 1795 1791 1766 1737 1707 1660 1607 1569 1526 1510 1529 1575 1603 1615 1624 1630 1634 1636 1634 1621 1609
1768 1778 1779 1777 1766 1747 1727 1710 1696 1672 1635 1602 1599 1595 1585 1563 1539 1521 1516 1520 1540 1565 1595 1625 1659 1693 1716 1738 1766 1794 1823 1846 1866 1881 1892 1902 1928 1942 1948 1949 1957 1938 1899 1887 1868 1844 1809 1794 1782 1769 1747 1730 1718 1713 1720 1734 1738 1747 1753 1763 1774 1789 1797 1795 1787 1759 1724 1693 1641 1592 1551 1522 1521 1551 1591 1613 1628 1641 1648 1653 1656 1655 1647 1636
1782 1782 1771 1754 1735 1717 1702 1686 1666 1650 1628 1614 1613 1600 1600 1583 1555 1529 1523 1520 1525 1544 1578 1606 1639 1671 1703 1730 1759 1788 1812 1832 1851 1869 1886 1905 1977 1988 1987 1991 1985 1938 1898 1880 1856 1829 1803 1789 1776 1759 1743 1733 1732 1739 1746 1762 1768 1775 1777 1782 1790 1795 1794 1786 1772 1745 1713 1670 1613 1575 1541 1534 1544 1572 1597 1618 1639 1653 1665 1672 1677 1677 1675 1673
1784 1767 1747 1724 1708 1694 1676 1663 1656 1652 1653 1651 1630 1607 1600 1582 1548 1535 1545 1533 1524 1532 1559 1590 1622 1657 1695 1725 1753 1782 1806 1824 1843 1861 1880 1899 2009 2018 2009 2004 1991 1957 1911 1888 1865 1838 1814 1797 1782 1765 1753 1756 1764 1777 1785 1788 1794 1800 1799 1798 1799 1793 1783 1768 1751 1731 1703 1650 1596 1566 1561 1569 1581 1595 1599 1626 1647 1665 1678 1690 1696 1699 1696 1696
1775 1745 1718 1700 1688 1677 1676 1683 1684 1686 1687 1675 1645 1613 1599 1577 1548 1551 1574 1564 1547 1528 1539 1575 1607 1642 1681 1714 1742 1770 1799 1817 1835 1855 1873 1889 1899 1948 1959 1968 1975 1998 1971 1907 1883 1859 1838 1811 1790 1776 1775 1785 1794 1804 1811 1814 1819 1822 1823 1813 1799 1786 1770 1752 1734 1715 1688 1636 1598 1584 1594 1605 1605 1599 1610 1634 1659 1679 1692 1701 1703 1704 1702 1699
1766 1732 1704 1699 1696 1699 1705 1714 1716 1716 1707 1690 1655 1618 1592 1566 1560 1580 1598 1594 1576 1543 1533 1550 1588 1621 1660 1699 1726 1754 1785 1810 1828 1845 1861 1873 1883 1890 1895 1898 1903 1946 1994 1973 1909 1880 1851 1822 1799 1793 1797 1807 1815 1824 1832 1843 1854 1853 1845 1828 1803 1784 1763 1742 1723 1704 1662 1610 1600 1600 1616 1628 1627 1620 1627 1645 1671 1693 1706 1712 1715 1716 1714 1711
1773 1739 1717 1720 1730 1736 1741 1753 1759 1748 1724 1692 1651 1611 1584 1569 1583 1608 1631 1628 1603 1576 1542 1538 1565 1598 1635 1674 1709 1738 1770 1801 1817 1832 1847 1858 1866 1871 1875 1878 1884 1897 1937 1993 1949 1896 1868 1840 1822 1817 1825 1831 1837 1845 1852 1863 1869 1866 1851 1826 1803 1778 1756 1734 1714 1688 1640 1599 1602 1619 1639 1651 1650 1645 1650 1663 1683 1704 1717 1724 1729 1731 1729 1726
1788 1765 1754 1764 1774 1775 1777 1783 1778 1755 1719 1680 1633 1597 1582 1587 1608 1645 1670 1664 1637 1600 1571 1543 1547 1580 1611 1649 1688 1720 1751 1781 1806 1821 1834 1843 1848 1851 1855 1856 1868 1887 1916 1984 1978 1916 1883 1864 1851 1853 1853 1857 1860 1865 1871 1878 1877 1868 1851 1819 1796 1769 1744 1721 1701 1664 1618 1602 1619 1643 1663 1674 1674 1669 1673 1681 1694 1711 1725 1737 1743 1748 1747 1744
1799 1792 1796 1803 1808 1804 1798 1790 1768 1735 1702 1655 1607 1598 1594 1616 1657 1691 1700 1699 1671 1630 1596 1567 1546 1560 1590 1620 1659 1701 1731 1762 1793 1809 1819 1827 1828 1832 1835 1835 1853 1877 1909 1969 1985 1938 1899 1888 1882 1887 1882 1884 1884 1883 1885 1883 1875 1860 1841 1812 1785 1759 1732 1707 1676 1633 1608 1611 1641 1669 1688 1698 1697 1689 1690 1694 1700 1717 1733 1747 1757 1764 1765 1763
1825 1827 1830 1835 1829 1815 1799 1772 1740 1708 1676 1631 1599 1599 1622 1662 1699 1701 1700 1700 1694 1657 1623 1591 1561 1552 1569 1594 1628 1672 1712 1742 1769 1790 1804 1809 1809 1812 1813 1818 1841 1872 1901 1949 1981 1970 1929 1913 1908 1911 1906 1906 1902 1898 1892 1881 1866 1846 1825 1807 1781 1749 1720 1691 1650 1619 1617 1639 1670 1695 1702 1705 1705 1702 1694 1691 1703 1724 1741 1756 1768 1777 1783 1782
1869 1867 1865 1855 1833 1808 1778 1744 1711 1688 1662 1633 1603 1619 1668 1702 1707 1707 1706 1703 1701 1680 1645 1610 1584 1560 1558 1576 1597 1638 1684 1717 1743 1767 1782 1789 1788 1793 1799 1806 1832 1863 1890 1916 1959 1975 1970 1956 1939 1937 1929 1924 1915 1904 1894 1876 1856 1835 1814 1795 1766 1735 1705 1671 1634 1626 1649 1681 1703 1712 1716 1719 1719 1714 1701 1692 1700 1723 1747 1764 1779 1790 1798 1802
1890 1882 1867 1847 1820 1793 1751 1714 1690 1668 1653 1650 1661 1681 1704 1713 1718 1718 1716 1712 1708 1701 1668 1634 1603 1583 1564 1566 1583 1600 1645 1694 1724 1745 1758 1764 1765 1777 1791 1809 1835 1859 1879 1894 1914 1940 1961 1964 1960 1951 1945 1936 1925 1910 1896 1874 1851 1829 1808 1780 1748 1718 1690 1653 1639 1656 1686 1706 1719 1728 1732 1735 1735 1731 1713 1701 1712 1733 1753 1773 1790 1803 1821 1830
1882 1871 1842 1818 1795 1757 1713 1691 1671 1657 1656 1670 1689 1706 1717 1726 1730 1731 1729 1724 1719 1710 1690 1657 1626 1599 1581 1569 1574 1590 1607 1659 1704 1723 1735 1737 1744 1760 1784 1809 1830 1849 1865 1879 1889 1898 1917 1939 1943 1946 1942 1937 1927 1913 1896 1870 1844 1820 1798 1767 1734 1702 1674 1656 1663 1690 1710 1724 1736 1746 1750 1752 1753 1749 1729 1724 1729 1748 1771 1790 1808 1828 1848 1858
1850 1839 1814 1788 1752 1711 1690 1673 1660 1659 1674 1692 1706 1719 1731 1739 1745 1746 1743 1739 1732 1721 1702 1674 1646 1619 1596 1580 1575 1582 1595 1615 1664 1701 1713 1713 1725 1747 1776 1802 1820 1836 1849 1861 1871 1880 1891 1906 1916 1921 1925 1927 1924 1909 1890 1864 1837 1810 1783 1753 1722 1695 1678 1678 1693 1711 1731 1744 1754 1763 1769 1770 1771 1767 1757 1753 1753 1767 1787 1811 1836 1856 1876 1887
1823 1809 1782 1745 1708 1692 1676 1664 1664 1679 1695 1709 1721 1734 1746 1754 1760 1761 1759 1754 1747 1730 1711 1688 1661 1635 1609 1592 1582 1582 1589 1597 1625 1664 1689 1698 1710 1736 1763 1788 1806 1820 1833 1843 1853 1861 1872 1884 1892 1901 1906 1914 1914 1902 1882 1858 1832 1806 1778 1743 1712 1699 1693 1702 1719 1736 1753 1765 1774 1781 1788 1790 1790 1788 1787 1783 1781 1788 1804 1832 1861 1884 1902 1908
1804 1776 1738 1701 1689 1676 1669 1668 1680 1696 1713 1726 1738 1750 1761 1769 1774 1777 1775 1771 1759 1742 1721 1700 1673 1647 1620 1597 1588 1589 1591 1595 1597 1631 1654 1675 1695 1721 1746 1767 1787 1803 1815 1826 1835 1842 1850 1859 1864 1873 1886 1901 1902 1894 1870 1846 1823 1797 1773 1745 1719 1705 1711 1727 1747 1764 1779 1791 1797 1804 1814 1820 1821 1822 1824 1818 1813 1814 1831 1855 1885 1908 1924 1926
1771 1738 1699 1687 1677 1673 1672 1679 1694 1711 1731 1745 1756 1767 1777 1786 1790 1792 1791 1786 1772 1755 1733 1710 1685 1659 1629 1604 1595 1597 1598 1599 1600 1611 1628 1646 1677 1704 1726 1747 1764 1782 1797 1808 1815 1820 1827 1832 1835 1842 1857 1876 1892 1888 1866 1834 1808 1796 1777 1753 1732 1725 1736 1753 1775 1792 1810 1825 1837 1847 1856 1864 1866 1867 1868 1866 1859 1849 1857 1879 1907 1939 1949 1943
1730 1699 1688 1681 1683 1687 1691 1695 1699 1729 1750 1764 1776 1785 1795 1804 1810 1812 1810 1802 1788 1767 1743 1720 1695 1664 1632 1606 1601 1614 1624 1623 1610 1607 1606 1615 1651 1683 1707 1725 1742 1759 1773 1785 1793 1798 1803 1805 1806 1810 1825 1850 1882 1889 1865 1832 1800 1798 1783 1764 1749 1751 1762 1779 1800 1825 1846 1862 1877 1889 1898 1901 1902 1902 1903 1906 1903 1890 1886 1904 1951 1974 1970 1956
1698 1689 1687 1694 1699 1710 1712 1714 1719 1744 1773 1785 1797 1807 1818 1828 1835 1837 1833 1820 1798 1774 1747 1721 1694 1662 1627 1605 1613 1635 1652 1654 1639 1622 1604 1605 1622 1655 1683 1702 1719 1735 1749 1758 1762 1756 1764 1769 1777 1794 1804 1837 1877 1892 1875 1842 1803 1799 1791 1777 1770 1776 1785 1805 1831 1858 1882 1898 1905 1904 1905 1910 1913 1915 1917 1928 1942 1938 1948 1983 1992 1984 1972 1959
1696 1695 1706 1722 1736 1744 1742 1744 1756 1774 1798 1811 1822 1834 1844 1854 1860 1863 1853 1833 1803 1777 1752 1727 1701 1651 1616 1606 1626 1660 1678 1683 1674 1653 1624 1608 1609 1625 1652 1678 1696 1711 1724 1730 1730 1723 1726 1742 1767 1794 1813 1842 1879 1898 1888 1861 1835 1811 1798 1791 1790 1795 1809 1836 1862 1889 1909 1918 1918 1913 1909 1915 1921 1925 1928 1942 1953 1962 1966 1968 1949 1948 1944 1939
1704 1717 1748 1767 1776 1778 1770 1774 1784 1797 1821 1838 1848 1859 1871 1880 1886 1887 1871 1840 1804 1777 1752 1726 1700 1660 1616 1614 1640 1680 1703 1710 1702 1685 1660 1630 1615 1616 1628 1650 1675 1689 1699 1706 1708 1712 1725 1757 1791 1813 1841 1872 1896 1906 1905 1894 1873 1850 1830 1818 1812 1814 1836 1867 1893 1913 1928 1936 1931 1923 1913 1913 1921 1925 1926 1924 1927 1911 1898 1891 1890 1899 1905 1906
1739 1757 1789 1806 1812 1806 1793 1795 1798 1821 1845 1863 1874 1885 1897 1901 1900 1900 1884 1849 1812 1782 1753 1723 1693 1645 1620 1637 1673 1704 1732 1738 1731 1712 1691 1665 1636 1623 1623 1632 1654 1674 1688 1696 1712 1733 1760 1790 1814 1838 1863 1895 1923 1933 1931 1922 1908 1889 1868 1856 1846 1846 1863 1891 1918 1935 1949 1953 1947 1934 1920 1910 1915 1919 1915 1907 1899 1878 1857 1844 1838 1843 1853 1860
1777 1794 1818 1833 1839 1832 1813 1799 1814 1846 1871 1889 1900 1910 1916 1915 1907 1900 1897 1859 1818 1783 1752 1720 1687 1640 1635 1668 1703 1733 1759 1767 1760 1742 1717 1692 1670 1645 1631 1632 1648 1669 1690 1708 1733 1760 1788 1811 1833 1857 1883 1914 1949 1960 1957 1949 1937 1922 1908 1894 1881 1879 1892 1914 1940 1958 1971 1970 1963 1947 1928 1913 1908 1909 1904 1891 1870 1847 1821 1803 1794 1795 1799 1812
1807 1828 1849 1863 1867 1860 1838 1823 1840 1873 1900 1914 1925 1932 1937 1933 1921 1909 1898 1858 1818 1783 1752 1722 1689 1647 1656 1695 1732 1765 1790 1798 1791 1775 1748 1719 1694 1674 1649 1639 1645 1671 1696 1724 1752 1780 1805 1826 1849 1873 1899 1938 1973 1989 1984 1977 1969 1958 1947 1933 1919 1919 1932 1954 1969 1984 1992 1989 1977 1959 1937 1918 1906 1901 1887 1866 1844 1821 1796 1781 1773 1772 1774 1781
1845 1865 1883 1896 1896 1892 1875 1863 1877 1897 1925 1940 1950 1956 1961 1953 1938 1921 1904 1864 1821 1783 1751 1718 1684 1659 1687 1727 1768 1801 1813 1819 1815 1803 1777 1749 1722 1693 1670 1652 1651 1674 1699 1733 1765 1796 1817 1837 1860 1884 1916 1966 2000 2000 2001 2004 2001 1997 1986 1971 1969 1969 1988 2002 2011 2017 2011 2000 1995 1970 1941 1919 1903 1884 1864 1843 1821 1798 1780 1763 1752 1749 1749 1754
1883 1903 1914 1926 1928 1922 1903 1894 1895 1923 1950 1966 1975 1979 1982 1973 1956 1934 1907 1871 1830 1791 1753 1714 1683 1686 1717 1763 1804 1819 1831 1839 1836 1821 1804 1781 1752 1718 1692 1672 1658 1675 1699 1735 1770 1803 1825 1846 1867 1890 1930 1979 2000 2000 2010 2026 2032 2033 2024 2017 2028 2030 2050 2059 2050 2033 2012 1999 1975 1946 1921 1899 1881 1861 1842 1821 1799 1780 1762 1746 1732 1725 1724 1726
1912 1929 1942 1956 1961 1952 1930 1901 1899 1942 1982 1996 2001 2001 2000 1991 1969 1941 1910 1871 1831 1791 1750 1710 1699 1713 1751 1791 1817 1837 1851 1860 1858 1843 1827 1810 1785 1752 1720 1692 1673 1675 1698 1737 1775 1806 1828 1851 1873 1895 1934 1977 2001 2009 2040 2054 2064 2070 2064 2064 2088 2087 2074 2043 2011 2000 1986 1965 1941 1915 1891 1874 1858 1838 1819 1799 1780 1761 1743 1727 1711 1703 1700 1700
1934 1952 1968 1985 1992 1982 1952 1926 1929 1983 2007 2015 2018 2014 2010 2002 1985 1949 1912 1874 1835 1797 1753 1710 1695 1725 1775 1808 1829 1850 1870 1880 1879 1867 1851 1832 1812 1785 1751 1716 1692 1683 1697 1732 1775 1808 1830 1853 1875 1898 1932 1966 1998 2031 2080 2082 2089 2099 2096 2087 2078 2046 2006 1988 1971 1960 1945 1921 1898 1886 1868 1850 1834 1815 1795 1776 1758 1740 1723 1707 1692 1681 1676 1673
1956 1975 1993 2006 2011 2003 1988 1984 1991 2006 2024 2036 2035 2027 2016 2003 1982 1948 1912 1877 1841 1804 1759 1711 1700 1737 1788 1819 1843 1864 1883 1900 1900 1892 1874 1855 1834 1811 1780 1746 1709 1696 1698 1723 1764 1803 1825 1848 1870 1892 1921 1952 1979 2011 2101 2100 2102 2100 2100 2070 2031 1997 1966 1950 1934 1920 1903 1888 1871 1859 1843 1825 1809 1792 1773 1753 1734 1718 1701 1685 1660 1657 1651 1647
1974 1998 2013 2026 2028 2015 1999 1991 1995 2016 2045 2049 2041 2027 2011 1997 1969 1938 1907 1873 1839 1804 1758 1710 1705 1746 1796 1824 1851 1875 1897 1912 1918 1911 1896 1878 1857 1834 1808 1775 1738 1710 1702 1718 1758 1796 1820 1842 1865 1885 1908 1935 1961 1983 2042 2059 2080 2091 2087 2051 2005 1966 1934 1912 1898 1887 1875 1863 1847 1832 1817 1800 1785 1769 1750 1730 1710 1693 1675 1650 1633 1631 1628 1622
1993 2013 2032 2046 2042 2024 2005 1994 1997 2026 2058 2052 2033 2014 2002 1984 1959 1932 1901 1869 1837 1805 1762 1712 1713 1758 1802 1830 1857 1884 1910 1931 1939 1935 1924 1903 1882 1860 1833 1800 1766 1732 1712 1714 1747 1789 1815 1836 1856 1876 1897 1922 1945 1966 1988 2016 2040 2058 2051 2023 1981 1941 1905 1884 1873 1861 1849 1838 1823 1807 1792 1776 1758 1745 1726 1707 1688 1665 1640 1623 1616 1613 1609 1603
2006 2027 2049 2060 2057 2037 2013 2006 2016 2050 2069 2044 2013 1999 1980 1963 1946 1922 1895 1864 1832 1800 1757 1717 1720 1768 1807 1836 1864 1892 1923 1950 1963 1964 1958 1933 1909 1886 1858 1824 1789 1758 1720 1704 1725 1777 1808 1828 1847 1867 1886 1905 1927 1948 1971 1998 2011 2026 2021 2001 1955 1913 1886 1867 1849 1836 1823 1811 1799 1781 1759 1747 1731 1718 1703 1687 1664 1645 1632 1622 1618 1618 1619 1616
2017 2042 2060 2071 2076 2083 2079 2062 2071 2077 2056 2014 1989 1970 1953 1937 1922 1907 1886 1858 1828 1796 1755 1722 1729 1772 1809 1842 1874 1904 1937 1967 1988 2000 1988 1958 1932 1910 1885 1854 1812 1776 1732 1707 1716 1760 1796 1815 1833 1851 1869 1888 1908 1932 1960 1993 2001 2005 2002 1969 1927 1891 1870 1848 1830 1813 1799 1786 1772 1746 1723 1715 1712 1700 1695 1678 1666 1661 1656 1648 1643 1650 1650 1643
2025 2047 2067 2078 2083 2090 2096 2095 2085 2051 2010 1985 1962 1939 1922 1908 1896 1878 1857 1836 1810 1791 1755 1731 1739 1778 1811 1844 1879 1916 1958 1991 2000 2000 1997 1973 1949 1926 1909 1884 1842 1798 1759 1718 1713 1743 1775 1799 1815 1831 1851 1873 1892 1913 1939 1969 1994 1998 1976 1940 1902 1880 1857 1833 1811 1796 1780 1759 1741 1723 1711 1707 1711 1704 1697 1696 1695 1696 1694 1689 1690 1684 1680 1673
