target/classes/dem2.txt
ncols         205
nrows         204
xllcorner     0
yllcorner     0
cellsize      2
NODATA_value  9999
[rows 152 to 189 of 204, columns 0 to 83 of 205]
2031 2051 2070 2082 2086 2092 2098 2096 2073 2016 1987 1962 1930 1909 1897 1888 1868 1843 1819 1806 1793 1775 1751 1740 1754 1787 1818 1853 1886 1927 1978 2000 2000 2000 2001 1978 1955 1932 1914 1902 1868 1810 1770 1731 1717 1727 1755 1780 1797 1816 1838 1862 1884 1898 1911 1946 1981 1990 1958 1918 1897 1876 1847 1821 1799 1786 1768 1749 1735 1724 1722 1733 1745 1736 1731 1736 1735 1734 1727 1721 1721 1715 1710 1704
2038 2055 2073 2085 2088 2092 2097 2094 2045 2001 1989 1958 1919 1897 1890 1877 1855 1828 1804 1798 1786 1770 1756 1747 1763 1792 1826 1862 1898 1943 1989 2000 2000 2000 1989 1967 1943 1927 1916 1906 1882 1827 1787 1752 1728 1727 1741 1766 1789 1809 1832 1856 1879 1896 1896 1934 1980 1989 1959 1922 1899 1880 1855 1828 1805 1795 1783 1771 1755 1745 1754 1776 1783 1777 1779 1780 1778 1772 1760 1756 1751 1744 1736 1729
2048 2061 2077 2087 2091 2093 2096 2087 2040 2015 2002 1987 1947 1898 1894 1884 1865 1839 1816 1799 1795 1783 1767 1756 1765 1792 1827 1866 1904 1938 1968 1992 2000 1991 1962 1948 1938 1930 1921 1912 1898 1849 1798 1767 1741 1735 1744 1765 1793 1811 1831 1854 1876 1894 1908 1946 1986 1994 1974 1950 1923 1900 1881 1857 1836 1821 1808 1798 1788 1777 1787 1802 1812 1813 1814 1815 1813 1805 1794 1789 1781 1772 1760 1753
2056 2071 2082 2092 2094 2095 2097 2081 2057 2042 2029 2019 2006 1976 1927 1898 1887 1866 1844 1826 1816 1802 1786 1766 1771 1795 1834 1877 1908 1927 1942 1955 1954 1949 1947 1949 1945 1941 1935 1923 1907 1865 1807 1779 1754 1744 1752 1776 1798 1819 1839 1857 1878 1895 1942 1983 2000 2002 1999 1987 1962 1941 1914 1889 1869 1851 1837 1824 1811 1803 1810 1824 1837 1839 1841 1841 1840 1832 1824 1819 1809 1796 1784 1777
2064 2078 2090 2098 2099 2099 2102 2093 2082 2071 2059 2046 2033 2019 2005 1976 1932 1892 1874 1857 1843 1823 1798 1777 1779 1801 1842 1887 1921 1941 1954 1961 1971 1985 1980 1971 1968 1962 1951 1935 1914 1877 1820 1789 1769 1756 1760 1778 1798 1821 1843 1865 1886 1920 1977 2011 2023 2027 2024 2014 2001 1981 1953 1922 1896 1878 1862 1847 1831 1825 1831 1846 1861 1866 1868 1868 1868 1861 1855 1846 1836 1822 1809 1799
2075 2089 2101 2123 2128 2128 2127 2118 2108 2099 2084 2073 2060 2045 2030 2017 2003 1965 1904 1885 1866 1839 1812 1788 1787 1816 1854 1895 1936 1967 1989 2006 2013 2020 2014 2003 1991 1979 1964 1943 1917 1880 1823 1789 1774 1770 1775 1783 1798 1823 1850 1874 1898 1954 2005 2028 2047 2053 2050 2037 2024 2011 1988 1956 1928 1903 1885 1868 1855 1850 1853 1868 1884 1892 1894 1894 1895 1891 1884 1873 1863 1849 1837 1824
2090 2107 2133 2156 2162 2158 2154 2143 2132 2121 2108 2099 2086 2068 2055 2041 2027 2012 1980 1927 1883 1852 1821 1795 1793 1823 1863 1903 1954 1990 2015 2038 2049 2048 2039 2025 2010 1996 1973 1947 1919 1881 1821 1792 1789 1791 1796 1794 1798 1813 1853 1882 1919 1974 2016 2045 2069 2078 2075 2057 2046 2030 2012 1989 1961 1933 1903 1887 1879 1873 1876 1886 1903 1917 1921 1921 1923 1920 1912 1901 1891 1877 1863 1848
2104 2141 2172 2190 2195 2188 2179 2166 2156 2142 2129 2119 2106 2092 2080 2065 2047 2030 2012 1981 1899 1866 1827 1799 1798 1834 1885 1928 1976 2013 2041 2067 2083 2075 2062 2046 2028 2008 1981 1951 1919 1879 1818 1794 1805 1817 1822 1810 1803 1813 1846 1887 1937 1995 2028 2059 2087 2101 2095 2079 2068 2050 2030 2012 1991 1962 1931 1900 1895 1891 1892 1907 1926 1941 1947 1948 1949 1950 1943 1936 1924 1904 1887 1870
2123 2163 2198 2204 2206 2204 2201 2190 2178 2161 2149 2137 2123 2113 2101 2083 2064 2045 2022 1998 1946 1886 1842 1801 1810 1853 1902 1952 2000 2029 2057 2085 2100 2098 2080 2059 2037 2013 1984 1950 1916 1874 1816 1804 1828 1849 1853 1843 1824 1807 1844 1889 1948 2005 2038 2070 2100 2106 2105 2100 2088 2068 2048 2032 2014 1993 1960 1927 1900 1900 1913 1935 1952 1965 1972 1974 1976 1980 1979 1974 1961 1936 1912 1890
2136 2174 2200 2206 2211 2214 2211 2205 2196 2179 2168 2154 2142 2128 2114 2099 2077 2054 2029 2005 1959 1906 1864 1832 1835 1875 1920 1969 2012 2045 2074 2100 2100 2100 2091 2066 2040 2013 1981 1945 1910 1862 1810 1809 1853 1879 1885 1875 1844 1805 1823 1897 1956 2007 2041 2075 2102 2112 2117 2113 2103 2085 2068 2052 2034 2016 1994 1963 1932 1924 1944 1966 1982 1991 1998 2002 2003 2011 2011 2007 1993 1967 1939 1910
2132 2164 2188 2201 2204 2212 2216 2214 2205 2197 2184 2169 2154 2140 2124 2109 2091 2065 2040 2013 1973 1916 1893 1879 1870 1893 1938 1988 2024 2057 2089 2100 2100 2100 2100 2074 2041 2009 1972 1934 1898 1846 1809 1822 1877 1900 1905 1903 1868 1815 1819 1888 1945 2006 2040 2074 2102 2115 2126 2126 2114 2103 2089 2072 2055 2037 2017 1994 1972 1968 1982 2001 2016 2025 2034 2038 2038 2040 2035 2027 2012 1993 1961 1929
2113 2141 2167 2196 2198 2201 2208 2214 2210 2204 2196 2182 2166 2149 2131 2115 2102 2077 2048 2017 1976 1918 1899 1897 1896 1908 1956 2003 2034 2063 2094 2100 2100 2100 2100 2073 2038 2004 1966 1927 1885 1827 1815 1851 1898 1916 1924 1921 1906 1853 1817 1866 1929 2005 2038 2070 2099 2114 2130 2137 2132 2121 2108 2094 2077 2057 2036 2014 1998 1997 2014 2035 2053 2061 2071 2075 2072 2067 2058 2043 2025 2005 1975 1941
2100 2113 2165 2198 2195 2187 2200 2207 2208 2204 2197 2182 2166 2149 2132 2117 2103 2081 2051 2019 1979 1931 1899 1899 1899 1919 1971 2013 2042 2074 2100 2100 2100 2100 2100 2060 2020 1988 1954 1917 1874 1824 1844 1886 1914 1940 1948 1941 1918 1881 1828 1845 1899 2005 2035 2062 2089 2108 2127 2141 2146 2142 2128 2112 2097 2077 2057 2033 2011 2016 2045 2068 2088 2098 2101 2101 2100 2089 2074 2054 2032 2009 1980 1946
2098 2118 2182 2199 2183 2156 2177 2199 2201 2198 2186 2173 2158 2142 2127 2113 2100 2078 2046 2015 1973 1915 1900 1900 1900 1933 1991 2022 2050 2078 2100 2100 2100 2100 2091 2055 2011 1973 1939 1903 1854 1834 1881 1917 1946 1966 1973 1962 1937 1903 1852 1839 1887 1982 2019 2047 2074 2100 2116 2137 2152 2155 2150 2134 2114 2099 2081 2059 2051 2069 2080 2100 2105 2108 2110 2109 2105 2100 2082 2057 2030 2005 1980 1951
2133 2153 2188 2184 2143 2120 2143 2177 2185 2174 2165 2154 2144 2132 2118 2106 2098 2069 2036 2004 1954 1901 1900 1900 1900 1948 2004 2030 2057 2085 2100 2100 2100 2100 2072 2038 2002 1968 1933 1897 1850 1859 1905 1950 1981 2002 2000 1986 1957 1915 1872 1847 1874 1918 2004 2031 2057 2083 2106 2126 2148 2161 2164 2155 2132 2117 2103 2089 2106 2145 2101 2109 2115 2117 2116 2113 2106 2100 2078 2049 2021 1996 1974 1951
2167 2181 2179 2140 2102 2099 2125 2185 2155 2147 2141 2131 2121 2115 2107 2096 2077 2056 2028 1999 1945 1900 1900 1900 1900 1970 2012 2037 2064 2090 2100 2100 2100 2091 2058 2023 1989 1955 1920 1886 1860 1894 1932 1980 2000 2000 2000 2000 1976 1929 1888 1860 1868 1895 1970 2015 2041 2067 2093 2113 2136 2158 2169 2167 2153 2142 2120 2103 2100 2103 2114 2121 2122 2119 2114 2108 2102 2086 2058 2030 2006 1987 1970 1950
2169 2170 2143 2107 2094 2094 2141 2196 2140 2115 2111 2110 2100 2093 2080 2065 2051 2034 2013 1975 1921 1900 1900 1900 1913 1994 2021 2046 2070 2091 2100 2100 2096 2072 2042 2011 1978 1944 1910 1884 1885 1921 1961 1999 2000 2000 2000 1999 1999 1946 1897 1879 1883 1914 1961 1997 2024 2048 2075 2101 2120 2143 2166 2176 2176 2163 2139 2119 2117 2121 2127 2126 2121 2113 2106 2101 2082 2058 2029 2001 1985 1973 1959 1944
2153 2145 2118 2097 2091 2092 2123 2194 2132 2098 2094 2099 2091 2071 2049 2030 2016 2007 1985 1942 1900 1900 1900 1900 1930 2002 2022 2042 2063 2081 2093 2092 2079 2054 2023 1995 1964 1929 1904 1895 1913 1953 1999 2005 2006 2007 2006 2004 2001 1969 1916 1897 1898 1931 1966 1994 2003 2028 2055 2081 2104 2126 2155 2176 2182 2177 2154 2136 2135 2132 2127 2117 2109 2102 2091 2063 2039 2018 1998 1978 1963 1952 1942 1930
2134 2121 2101 2088 2090 2096 2116 2191 2151 2097 2091 2098 2086 2061 2030 2004 1999 1994 1942 1904 1900 1900 1900 1900 1947 2008 2025 2043 2060 2074 2082 2078 2061 2037 2009 1976 1943 1911 1897 1913 1962 2001 2009 2017 2019 2020 2019 2016 2011 1991 1928 1899 1904 1941 1973 1994 2000 2006 2032 2060 2091 2115 2142 2170 2186 2179 2153 2136 2130 2120 2110 2102 2087 2064 2039 2015 1995 1981 1968 1952 1940 1928 1918 1912
2117 2105 2074 2043 2048 2074 2102 2174 2179 2126 2099 2097 2085 2059 2029 2004 1999 1998 1954 1911 1900 1900 1900 1900 1970 2012 2033 2051 2066 2077 2082 2075 2052 2025 1998 1948 1917 1904 1916 1961 2003 2013 2021 2029 2035 2036 2034 2030 2022 2004 1953 1911 1912 1954 1983 2000 2000 2000 2015 2045 2079 2103 2128 2165 2190 2177 2149 2126 2111 2100 2081 2060 2040 2017 1990 1974 1961 1947 1933 1923 1913 1905 1888 1876
2103 2076 2027 1999 2008 2042 2085 2141 2189 2176 2136 2108 2095 2080 2055 2031 2025 2017 1998 1961 1924 1900 1900 1923 1990 2018 2040 2061 2078 2089 2096 2091 2058 2018 1983 1929 1908 1923 1963 2001 2015 2026 2034 2042 2052 2054 2052 2046 2033 2008 1967 1915 1926 1964 1993 2000 2000 2000 2009 2037 2069 2094 2124 2174 2193 2175 2128 2109 2091 2051 2034 2013 1994 1975 1951 1935 1924 1914 1899 1883 1868 1853 1835 1823
2071 2051 2010 1992 2000 2037 2071 2109 2165 2187 2177 2145 2127 2106 2086 2065 2055 2038 2020 1998 1953 1900 1899 1945 2001 2024 2048 2070 2089 2101 2104 2100 2056 2009 1960 1920 1923 1961 1998 2014 2028 2039 2049 2056 2065 2072 2069 2061 2038 2010 1964 1913 1926 1984 2002 2011 2018 2023 2026 2049 2077 2095 2106 2172 2197 2158 2108 2085 2051 2007 1999 1985 1962 1935 1911 1899 1891 1875 1853 1830 1809 1795 1785 1773
2056 2030 1997 1976 1991 2020 2056 2091 2130 2170 2186 2177 2161 2134 2112 2094 2077 2058 2036 2013 1982 1918 1913 1970 2010 2033 2055 2077 2098 2118 2118 2100 2048 1994 1943 1932 1965 1999 2014 2029 2042 2054 2063 2071 2078 2089 2086 2072 2049 2019 1979 1921 1946 2003 2017 2029 2039 2046 2060 2073 2090 2099 2129 2192 2184 2118 2094 2065 2022 2000 1999 1983 1939 1905 1900 1896 1876 1842 1811 1795 1777 1752 1735 1722
2040 2019 1985 1955 1978 2012 2050 2079 2105 2138 2170 2182 2179 2163 2141 2115 2095 2073 2047 2020 2000 1934 1912 1980 2019 2045 2069 2091 2112 2134 2123 2091 2024 1979 1945 1966 2001 2017 2030 2045 2058 2069 2078 2086 2093 2102 2100 2093 2062 2025 1981 1932 1979 2013 2032 2046 2059 2068 2082 2097 2113 2130 2162 2201 2186 2134 2096 2068 2033 2010 1999 1994 1938 1900 1902 1894 1867 1832 1804 1782 1761 1747 1737 1726
2026 2010 1972 1938 1979 2016 2042 2066 2089 2115 2145 2169 2180 2179 2164 2137 2107 2081 2051 2023 1996 1921 1930 1994 2024 2053 2082 2108 2138 2146 2120 2074 1997 1967 1969 2000 2019 2036 2049 2062 2076 2086 2094 2102 2109 2107 2103 2100 2078 2032 1985 1949 1991 2018 2041 2062 2077 2088 2103 2132 2150 2170 2194 2197 2173 2139 2115 2099 2072 2047 2030 2016 2004 1960 1921 1896 1884 1858 1825 1806 1793 1782 1788 1778
2016 1993 1942 1924 1966 2008 2032 2055 2076 2096 2116 2142 2165 2178 2175 2153 2115 2087 2059 2029 1994 1933 1969 2012 2036 2063 2091 2124 2158 2151 2112 2057 1995 1985 1999 2019 2039 2056 2070 2081 2093 2106 2115 2124 2128 2124 2114 2104 2091 2039 1990 1970 2004 2029 2052 2074 2093 2114 2138 2165 2187 2200 2201 2197 2180 2158 2139 2119 2104 2083 2062 2045 2031 2019 2007 1999 1976 1935 1904 1886 1865 1844 1845 1833
2008 1974 1924 1915 1951 1997 2021 2042 2059 2075 2094 2114 2138 2165 2176 2163 2132 2099 2063 2026 1987 1952 1994 2024 2052 2078 2105 2144 2169 2144 2101 2036 1999 2007 2023 2040 2060 2077 2092 2103 2113 2127 2138 2148 2151 2146 2133 2118 2099 2042 1998 1989 2010 2041 2066 2089 2115 2142 2169 2197 2203 2206 2206 2203 2199 2179 2154 2137 2121 2108 2092 2073 2057 2042 2027 2017 2008 2001 1966 1940 1923 1907 1901 1897
1993 1958 1911 1915 1954 1984 2008 2024 2036 2050 2071 2093 2112 2131 2159 2174 2152 2108 2065 2018 1989 1981 2008 2037 2065 2093 2127 2169 2176 2146 2100 2046 2006 2021 2047 2063 2081 2100 2115 2126 2136 2147 2162 2172 2175 2170 2156 2133 2100 2046 2003 1997 2020 2051 2081 2109 2142 2169 2195 2204 2209 2213 2213 2208 2203 2189 2169 2153 2137 2123 2111 2098 2080 2062 2049 2037 2024 2012 2000 1968 1940 1924 1918 1913
1964 1930 1902 1917 1945 1974 1996 2000 2006 2021 2047 2078 2096 2100 2123 2163 2166 2106 2062 2021 1999 2000 2023 2053 2081 2110 2154 2183 2176 2130 2102 2084 2042 2040 2069 2085 2103 2122 2141 2151 2159 2169 2181 2194 2199 2198 2173 2134 2092 2049 2022 2016 2040 2072 2101 2134 2169 2199 2204 2210 2216 2220 2220 2216 2208 2200 2183 2166 2151 2137 2124 2111 2096 2081 2066 2050 2035 2021 2005 1980 1955 1942 1936 1929
1939 1908 1897 1909 1928 1956 1989 1999 2000 2000 2027 2068 2093 2099 2099 2154 2159 2102 2064 2029 2013 2013 2040 2068 2097 2131 2173 2192 2162 2119 2100 2096 2087 2074 2089 2107 2126 2147 2166 2177 2183 2193 2202 2216 2220 2207 2176 2128 2089 2070 2053 2046 2063 2091 2127 2160 2194 2205 2212 2218 2224 2228 2227 2222 2214 2205 2195 2177 2162 2148 2134 2120 2105 2090 2074 2057 2041 2024 2006 1983 1969 1960 1954 1946
1914 1889 1877 1895 1911 1948 1984 1998 2000 2002 2030 2067 2094 2100 2120 2166 2163 2108 2083 2060 2044 2045 2063 2084 2108 2148 2184 2196 2171 2121 2100 2099 2098 2096 2108 2130 2151 2169 2188 2199 2205 2218 2230 2241 2236 2213 2180 2129 2098 2090 2084 2079 2084 2109 2149 2185 2204 2212 2221 2228 2233 2235 2233 2225 2217 2209 2200 2185 2170 2156 2141 2125 2110 2094 2077 2060 2042 2024 2006 1991 1981 1975 1969 1960
1888 1857 1865 1894 1918 1956 1987 2003 2015 2038 2063 2091 2104 2115 2129 2162 2164 2132 2106 2092 2078 2077 2089 2098 2118 2151 2186 2197 2169 2130 2100 2100 2099 2110 2132 2153 2173 2191 2201 2207 2224 2247 2262 2262 2243 2215 2181 2131 2100 2099 2098 2096 2097 2124 2169 2203 2213 2221 2231 2238 2240 2240 2236 2228 2221 2213 2203 2190 2174 2157 2139 2123 2109 2099 2082 2063 2043 2022 2002 1992 1988 1985 1978 1968
1845 1840 1876 1910 1945 1979 2005 2020 2039 2060 2081 2103 2120 2134 2146 2161 2158 2142 2127 2114 2103 2097 2099 2099 2127 2158 2188 2199 2177 2148 2119 2103 2118 2142 2164 2180 2200 2209 2217 2219 2237 2262 2274 2270 2246 2211 2175 2129 2100 2100 2099 2100 2109 2145 2192 2214 2226 2234 2241 2246 2247 2244 2238 2229 2223 2216 2205 2190 2171 2153 2135 2119 2106 2100 2082 2062 2040 2019 2000 1991 1988 1987 1980 1970
1821 1845 1894 1930 1967 2000 2010 2026 2045 2066 2087 2103 2121 2139 2154 2164 2170 2165 2154 2141 2123 2105 2099 2103 2130 2165 2192 2200 2194 2175 2151 2140 2154 2177 2199 2206 2214 2223 2232 2234 2248 2270 2280 2272 2247 2211 2173 2119 2100 2100 2108 2115 2133 2167 2204 2227 2248 2251 2252 2253 2251 2246 2239 2228 2218 2213 2204 2181 2160 2142 2125 2112 2101 2099 2078 2057 2036 2015 1998 1991 1987 1983 1977 1966
1815 1846 1901 1938 1975 2000 2010 2027 2046 2065 2081 2096 2112 2130 2150 2168 2178 2182 2177 2161 2142 2121 2115 2123 2146 2174 2199 2212 2207 2199 2188 2181 2191 2205 2215 2223 2230 2239 2246 2250 2260 2277 2284 2270 2239 2209 2177 2137 2118 2128 2138 2145 2163 2190 2220 2242 2257 2264 2260 2257 2253 2246 2235 2225 2214 2206 2199 2159 2142 2127 2114 2103 2100 2093 2071 2047 2023 2002 1987 1978 1972 1969 1964 1953
1825 1861 1900 1934 1968 1999 2008 2024 2040 2056 2071 2087 2101 2117 2139 2161 2179 2188 2187 2176 2161 2146 2145 2149 2166 2188 2207 2224 2210 2199 2199 2199 2210 2220 2230 2240 2247 2256 2263 2268 2275 2285 2289 2268 2236 2205 2191 2175 2160 2165 2170 2178 2192 2214 2246 2268 2271 2266 2261 2256 2251 2243 2230 2217 2208 2201 2166 2130 2109 2107 2102 2100 2095 2079 2058 2034 2011 1992 1975 1965 1956 1949 1945 1935
1838 1869 1901 1932 1959 1983 2003 2017 2031 2046 2061 2076 2090 2104 2122 2146 2169 2184 2194 2188 2180 2179 2177 2177 2185 2197 2213 2239 2223 2201 2211 2217 2226 2235 2246 2256 2264 2271 2279 2283 2288 2294 2294 2271 2233 2199 2198 2196 2196 2199 2205 2206 2207 2255 2280 2274 2264 2259 2256 2250 2244 2237 2226 2213 2203 2179 2134 2100 2099 2098 2090 2084 2076 2059 2039 2019 1998 1978 1962 1951 1942 1932 1925 1917
1844 1873 1897 1921 1944 1968 1989 2006 2020 2036 2050 2064 2077 2092 2107 2126 2149 2169 2187 2199 2196 2202 2203 2200 2200 2199 2224 2255 2249 2230 2244 2240 2244 2251 2261 2272 2281 2288 2295 2299 2303 2304 2301 2280 2248 2215 2199 2208 2222 2234 2248 2264 2273 2284 2262 2247 2240 2238 2239 2237 2234 2228 2221 2210 2199 2166 2128 2100 2099 2089 2078 2066 2055 2040 2021 2002 1978 1961 1946 1936 1927 1918 1910 1901
